400	100	970.4531	1308.6859	1854.0	2659.5234	3671.6528
600	100	131.6484	176.317	246.0	364.6486	503.9312
600	200	170.209	227.0609	315.75	441.6093	593.5255
800	100	46.9844	65.7402	97.0	143.7842	201.0667
800	200	105.8643	142.929	200.75	283.9706	384.7206
800	300	67.248	89.7097	124.75	174.9731	234.8482
1000	100	33.1348	45.4289	65.25	94.1199	129.5642
1000	200	44.3438	60.2903	86.0	122.6796	167.6921
1000	300	51.6426	69.165	96.5	136.1193	183.4391
1000	400	36.5244	48.6694	68.25	95.9988	129.5478
1200	100	18.5166	24.9702	35.375	50.7447	70.0565
1200	200	18.793	25.2703	35.375	49.8986	67.6957
1200	300	36.2578	48.7548	68.25	96.2709	129.738
1200	400	31.9395	42.6076	59.25	83.1035	111.5411
1200	500	27.29	36.4053	50.625	70.8043	95.1614
1400	100	12.2278	16.4233	23.1875	33.0771	45.5059
1400	200	11.7246	15.6408	21.75	30.5063	40.9455
1400	300	19.1653	25.6681	35.8125	50.2303	67.8772
1400	400	20.1475	26.877	37.375	52.4218	70.5995
1400	500	17.9912	24.0005	33.375	46.8115	62.8301
1400	600	17.3848	23.1915	32.25	45.2335	60.7122
1600	100	6.8884	9.2519	13.0625	18.6337	25.6354
1600	200	7.0574	9.452	13.1875	18.6018	25.2364
1600	300	10.1345	13.5732	18.9375	26.7125	36.2399
1600	400	14.5161	19.4415	27.125	38.2615	51.5625
1600	500	14.2485	19.0831	26.625	37.344	50.1229
1600	600	13.4429	17.8432	24.9375	34.9771	46.9461
1600	700	12.9038	17.1276	23.9375	33.5745	45.0635
1800	100	4.2039	5.6391	8.0312	11.5207	15.9554
1800	200	4.9805	6.6628	9.375	13.2988	18.2299
1800	300	6.1094	8.2151	11.5	16.2673	22.1849
1800	400	10.1011	13.5284	18.875	26.4739	35.7747
1800	500	10.8035	14.4691	20.1875	28.3148	38.004
1800	600	10.4443	13.9329	19.375	27.1752	36.4744
1800	700	10.0737	13.4385	18.6875	26.2109	35.1802
1800	800	9.939	13.2587	18.4375	25.8603	34.9455
2000	100	3.2633	4.4186	6.2812	9.0354	12.5345
2000	200	4.1364	5.5556	7.8438	11.1266	15.2523
2000	300	4.2666	5.7372	8.0312	11.4246	15.6386
2000	400	6.3584	8.5499	11.9688	16.9304	23.0892
2000	500	7.927	10.6166	14.8125	20.894	28.2518
2000	600	7.9604	10.6614	14.875	20.8635	28.1933
2000	700	7.7263	10.3479	14.4375	20.2499	27.3641
2000	800	7.6479	10.2025	14.1875	20.0124	26.9694
2000	900	7.6594	10.2063	14.3125	20.0746	27.1272
2200	100	2.4009	3.2643	4.6562	6.7535	9.4438
2200	200	3.0834	4.1361	5.8906	8.4735	11.755
2200	300	3.0098	4.0588	5.75	8.2941	11.4893
2200	400	4.1384	5.5808	7.9062	11.2783	15.5162
2200	500	5.7773	7.7686	10.875	15.4266	21.0088
2200	600	6.209	8.349	11.6875	16.4859	22.4403
2200	700	6.1426	8.2597	11.5625	16.3096	22.1267
2200	800	6.171	8.2649	11.5312	16.2655	22.0669
2200	900	6.0928	8.1928	11.4688	16.1774	21.9473
2200	1000	6.1376	8.1784	11.4688	16.1774	21.9473
2400	100	1.817	2.4774	3.5781	5.2754	7.4868
2400	200	2.2787	3.1111	4.4531	6.5299	9.1866
2400	300	2.3928	3.2357	4.6406	6.7494	9.4814
2400	400	2.9792	4.0339	5.7344	8.2716	11.5297
2400	500	4.0894	5.5146	7.8125	11.1446	15.3322
2400	600	4.8477	6.4851	9.125	12.9441	17.6859
2400	700	4.9971	6.685	9.4062	13.3056	18.1458
2400	800	4.9473	6.6183	9.3125	13.173	17.9649
2400	900	4.9141	6.6078	9.25	13.0846	17.8444
2400	1000	5.0137	6.7417	9.4375	13.3874	18.2318
2400	1100	4.9971	6.7194	9.4062	13.3431	18.1714
2600	100	1.5668	2.1453	3.1094	4.5967	6.5894
2600	200	1.9202	2.6326	3.7812	5.5447	7.8703
2600	300	2.0389	2.7836	3.9844	5.8267	8.2343
2600	400	2.2961	3.105	4.4531	6.4944	9.137
2600	500	2.9467	3.9899	5.6719	8.2266	11.5037
2600	600	3.6968	4.9852	7.0625	10.131	13.9865
2600	700	4.001	5.3524	7.5312	10.7434	14.7802
2600	800	4.0342	5.3968	7.5938	10.8325	14.855
2600	900	4.1006	5.4857	7.7188	11.0108	15.0995
2600	1000	4.1034	5.5113	7.7812	11.038	15.1308
2600	1100	4.1836	5.5967	7.875	11.2023	15.4339
2600	1200	4.167	5.5745	7.8438	11.1892	15.3935
2800	100	1.3477	1.853	2.6953	4.0275	5.835
2800	200	1.5	2.0625	3.0	4.4469	6.4012
2800	300	1.6953	2.3311	3.3906	5.0395	7.2631
2800	400	1.8109	2.4795	3.5938	5.3127	7.6159
2800	500	2.2628	3.0724	4.4219	6.5017	9.2416
2800	600	2.9142	3.9249	5.6094	8.1136	11.3627
2800	700	3.2878	4.4338	6.2812	9.0604	12.5509
2800	800	3.4442	4.626	6.5312	9.3689	13.0164
2800	900	3.4772	4.6702	6.5938	9.4586	13.141
2800	1000	3.5168	4.7426	6.7188	9.5843	13.2704
2800	1100	3.576	4.803	6.7812	9.7276	13.4296
2800	1200	3.609	4.8473	6.8438	9.8172	13.5963
2800	1300	3.615	4.8749	6.9062	9.9619	13.8859
3000	100	1.1292	1.5637	2.3125	3.52	5.2074
3000	200	1.2074	1.6648	2.4531	3.7243	5.4898
3000	300	1.4535	2.0159	2.9531	4.4598	6.561
3000	400	1.5154	2.0926	3.0547	4.5889	6.7002
3000	500	1.7715	2.4256	3.5156	5.2393	7.5816
3000	600	2.2455	3.0616	4.4219	6.5017	9.2958
3000	700	2.6748	3.6171	5.1875	7.5654	10.74
3000	800	2.8737	3.891	5.5312	8.0227	11.2872
3000	900	2.9548	4.0009	5.6875	8.2266	11.5918
3000	1000	2.9711	4.0014	5.7188	8.2946	11.6698
3000	1100	3.0117	4.0779	5.7969	8.3617	11.7278
3000	1200	3.0766	4.1658	5.9219	8.5656	12.0695
3000	1300	3.1091	4.2098	5.9844	8.6799	12.2862
3000	1400	3.0685	4.1326	5.9062	8.6136	12.2281
3200	100	0.9749	1.3657	2.0625	3.2217	4.9135
3200	200	0.968	1.3584	2.0312	3.1567	4.7847
3200	300	1.25	1.7463	2.6016	4.0222	6.0729
3200	400	1.2715	1.7685	2.625	4.0376	6.0561
3200	500	1.4305	1.981	2.9297	4.4712	6.6726
3200	600	1.7518	2.4052	3.5312	5.347	7.8951
3200	700	2.1259	2.9107	4.2188	6.2871	9.1235
3200	800	2.3328	3.1806	4.5938	6.7727	9.7805
3200	900	2.4307	3.3004	4.75	7.022	10.1242
3200	1000	2.4866	3.3764	4.8594	7.1644	10.3163
3200	1100	2.5186	3.4198	4.9219	7.2565	10.4189
3200	1200	2.5586	3.4741	5.0	7.3717	10.6455
3200	1300	2.6306	3.5718	5.1406	7.579	10.9449
3200	1400	2.6263	3.5809	5.1719	7.6457	11.055
3200	1500	2.6105	3.5593	5.1406	7.6405	11.1367
3400	100	0.8891	1.2604	1.9453	3.1394	4.9829
3400	300	1.0587	1.5037	2.2969	3.6702	5.7675
3400	500	1.1572	1.6286	2.4688	3.8956	6.0682
3400	700	1.6953	2.358	3.5	5.3974	8.1841
3400	900	2.0464	2.8096	4.125	6.2625	9.3294
3400	1000	2.0851	2.8628	4.2031	6.3811	9.5561
3400	1100	2.1239	2.9161	4.2812	6.4997	9.7083
3400	1200	2.1472	2.9565	4.3281	6.5881	9.849
3400	1300	2.2031	3.0121	4.4062	6.6719	9.9565
3400	1400	2.2324	3.065	4.5	6.8498	10.2935
3400	1500	2.2634	3.1076	4.5625	6.9631	10.4455
3400	1600	2.2687	3.1099	4.6094	7.0898	10.8237
3600	100	0.8408	1.2124	1.9219	3.2242	5.3734
3600	200	0.752	1.0918	1.7188	2.8697	4.7662
3600	300	0.981	1.4145	2.2422	3.7437	6.2177
3600	400	1.0054	1.4457	2.2578	3.7158	6.1028
3600	500	1.0333	1.4807	2.3203	3.8556	6.3307
3600	600	1.147	1.6336	2.5312	4.1254	6.7205
3600	700	1.354	1.9231	2.9375	4.7407	7.5243
3600	800	1.61	2.2555	3.4062	5.4429	8.5916
3600	900	1.7126	2.3887	3.5938	5.6852	8.921
3600	1000	1.7797	2.4821	3.7344	5.9374	9.3662
3600	1100	1.7946	2.5029	3.7656	5.9421	9.3419
3600	1200	1.8541	2.586	3.8906	6.1703	9.7524
3600	1300	1.8839	2.6275	3.9531	6.2695	9.909
3600	1400	1.9137	2.6691	4.0156	6.3686	10.0657
3600	1500	1.9658	2.7249	4.125	6.5585	10.4394
3600	1600	2.0309	2.8453	4.2969	6.9003	11.0912
3600	1700	1.9878	2.8051	4.3125	7.0285	11.5448
3800	100	0.8524	1.2641	2.0781	3.7183	6.299
3800	200	0.7311	1.0786	1.7656	3.131	5.3515
3800	300	0.9404	1.3804	2.25	3.954	6.8194
3800	400	1.0057	1.4762	2.4062	4.2286	7.2929
3800	500	0.9855	1.4444	2.3359	4.0678	7.0795
3800	600	1.0547	1.5402	2.5	4.3934	7.5771
3800	700	1.1975	1.74	2.8125	4.8977	8.5238
3800	800	1.3753	1.9788	3.1719	5.4477	9.4484
3800	900	1.5312	2.208	3.5	5.9833	10.3882
3800	1000	1.5864	2.2657	3.5625	6.0333	10.3081
3800	1100	1.6143	2.3055	3.625	6.1392	10.4508
3800	1200	1.6277	2.3357	3.6875	6.2744	10.7887
3800	1300	1.649	2.3551	3.7031	6.242	10.6333
3800	1400	1.7104	2.4545	3.875	6.6244	11.4206
3800	1500	1.7705	2.553	4.0469	6.9827	12.1812
3800	1600	1.8047	2.5842	4.125	7.1175	12.5011
3800	1700	1.8594	2.6625	4.25	7.3332	12.88
3800	1800	1.8743	2.7511	4.4844	8.0594	13.5928
4000	100	0.817	1.2721	2.2734	4.5752	6.8949
4000	200	0.6698	1.0367	1.8438	3.6664	5.5914
4000	300	0.8408	1.286	2.2656	4.415	6.8701
4000	400	0.9352	1.4388	2.5469	5.0036	7.7233
4000	500	0.9422	1.4537	2.5391	4.9883	7.6996
4000	600	0.9902	1.506	2.6406	5.1878	8.0076
4000	700	1.1071	1.6884	2.9219	5.6705	8.8599
4000	800	1.2847	1.9593	3.3906	6.5532	10.281
4000	900	1.4236	2.1588	3.7188	7.217	11.2762
4000	1000	1.4832	2.2243	3.7969	7.2173	11.5119
4000	1100	1.5564	2.3436	3.9844	7.5737	12.0804
4000	1200	1.5688	2.3276	3.9375	7.4218	11.9378
4000	1300	1.6	2.3737	4.0156	7.5691	12.1747
4000	1400	1.6336	2.4366	4.1406	7.8707	12.5542
4000	1500	1.709	2.5629	4.375	8.386	13.2653
4000	1600	1.7463	2.6333	4.5156	8.7275	13.6923
4000	1700	1.7825	2.688	4.6094	8.9087	13.9765
4000	1800	1.8116	2.7396	4.7812	9.4315	14.4992
4000	1900	1.9447	3.0565	5.5938	11.2572	16.9648
4200	100	0.9283	1.5407	3.0469	6.1317	9.2406
4200	200	0.7238	1.2101	2.4062	4.8425	7.2977
4200	300	0.8835	1.4773	2.9375	5.9116	8.9089
4200	400	1.0253	1.7345	3.5469	7.1379	10.757
4200	500	0.9888	1.6599	3.375	6.792	10.2358
4200	600	1.0117	1.6983	3.4531	6.9493	10.4727
4200	700	1.0854	1.8286	3.6562	7.358	11.0887
4200	800	1.2803	2.1568	4.3125	8.6787	13.079
4200	900	1.4453	2.3644	4.625	9.3076	14.0268
4200	1000	1.4764	2.4065	4.6094	9.2762	13.9794
4200	1100	1.5918	2.6041	5.0938	10.2509	15.4484
4200	1200	1.6992	2.7798	5.4375	10.9427	16.491
4200	1300	1.7017	2.7454	5.3125	10.6912	16.1119
4200	1400	1.7205	2.7949	5.4375	10.9427	16.491
4200	1500	1.8323	3.0029	5.9375	11.949	18.0074
4200	1600	1.9043	3.1605	6.25	12.5778	18.9551
4200	1700	1.9833	3.28	6.5938	13.2696	19.9977
4200	1800	1.99	3.2672	6.5312	13.1438	19.8081
4200	1900	2.0776	3.4749	7.1875	14.4645	21.7984
4200	2000	2.375	4.2676	9.5	19.1183	28.8118
4400	100	1.4346	2.8416	7.0625	14.213	21.4193
4400	200	1.0791	2.1044	5.3125	10.6912	16.1119
4400	300	1.3447	2.6538	6.75	13.5841	20.4715
4400	400	1.2524	2.3797	5.625	11.3201	17.0596
4400	500	1.3733	2.7436	7.0312	14.1501	21.3245
4400	600	1.3883	2.7398	6.9688	14.0243	21.135
4400	700	1.3323	2.6292	6.6875	13.4583	20.282
4400	800	1.6724	3.3411	8.5625	17.2316	25.9685
4400	900	2.0996	4.2622	10.75	21.6339	32.6028
4400	1000	1.9775	3.7691	9.375	18.8668	28.4327
4400	1100	2.2598	4.4414	11.125	22.3886	33.7401
4400	1200	2.2424	4.2912	10.4375	21.005	31.6551
4400	1300	2.3867	4.6544	11.75	23.6463	35.6356
4400	1400	2.3901	4.5056	11.125	22.3886	33.7401
4400	1500	2.4883	4.8524	12.25	24.6526	37.152
4400	1600	2.6123	5.1348	13.375	26.9166	40.564
4400	1700	2.6611	5.2308	13.625	27.4197	41.3222
4400	1800	2.8472	5.6662	14.875	29.9353	45.1132
4400	1900	3.0547	6.2142	17.0	34.2117	51.5579
4400	2000	3.7705	8.1959	24.75	49.8083	75.0623
4400	2100	5.6719	13.3076	44.0	88.548	133.4441
4600	100	4.1843	8.8714	18.4688	34.2228	55.1324
4600	200	6.5625	11.4966	20.0	33.3931	51.6043
4600	300	6.4937	11.9349	21.3125	36.0942	56.9567
4600	400	7.4553	12.6599	21.9375	37.5025	60.548
4600	500	6.7698	11.8652	21.9375	40.8254	66.5065
4600	600	7.1221	11.9472	23.375	47.0411	70.8922
4600	700	8.4668	15.4161	31.875	64.147	96.6711
4600	800	6.9858	13.4642	31.375	63.1408	95.1547
4600	900	1.1667	1.6571	2.5312	3.9741	5.952
4600	1100	6.7817	15.0488	40.375	81.2529	122.4501
4600	1200	8.208	18.1278	51.25	103.1383	155.432
4600	1300	7.4072	17.1179	46.25	93.076	140.2679
4600	1400	13.4766	31.8805	92.0	185.1458	279.0194
4600	1500	14.8086	35.9598	111.5	224.3887	338.1594
4600	1600	17.9922	50.6733	196.0	394.4412	594.4326
4600	1700	17.418	46.3083	171.5	345.136	520.1285
4600	1800	19.5996	53.7645	223.0	448.7774	676.3188
4600	1900	1.1794	1.6014	2.3047	3.3795	4.7828
4600	2000	1.2073	1.6394	2.3594	3.4597	4.8963
4600	2100	306.6504	688.5792	1744.5	3510.7275	5290.7539
4600	2200	1.0954	1.4874	2.1406	3.1389	4.4423
4800	100	11.3015	16.1806	24.3125	37.4924	56.5656
4800	200	10.1326	14.3719	21.4375	33.0588	49.8766
4800	300	10.9014	15.3915	22.875	35.4579	53.308
4800	400	9.939	14.3183	22.125	36.0592	56.3032
4800	500	10.4004	15.8508	26.625	46.7894	77.492
4800	600	9.668	15.58	28.125	51.8918	85.2613
4800	700	14.9058	24.0832	42.875	78.0807	129.968
4800	800	8.7188	15.1594	31.0	62.3861	94.0174
4800	900	17.2656	29.4325	55.25	105.0217	167.5151
4800	1000	21.7432	37.9249	76.25	153.4497	231.2525
4800	1200	25.3125	43.5059	90.0	181.1209	272.9538
4800	1300	36.748	74.6851	177.5	357.2108	538.3255
4800	1400	47.9531	100.2997	279.0	561.4749	846.1567
4800	1500	0.9601	1.309	1.8906	2.7874	3.979
4800	1600	1.0669	1.4607	2.1172	3.1383	4.4788
4800	1700	6.4453	10.6549	20.625	41.5069	62.5519
4800	1800	1.3359	1.8265	2.6719	4.0032	5.7581
4800	1900	1.2695	1.7357	2.5391	3.7839	5.4448
4800	2000	1.0712	1.4605	2.1094	3.1099	4.4265
4800	2100	1.4023	1.9282	2.8047	4.1686	5.9739
4800	2200	4.1056	5.9911	9.4688	15.4321	24.3046
4800	2300	1.1445	1.5737	2.2891	3.4114	4.881
5000	200	10.9014	15.3915	22.875	34.6373	51.1435
5000	300	7.2717	10.5455	16.1875	26.1242	41.4638
5000	400	9.0625	12.9932	20.0	32.1176	49.3821
5000	500	10.1357	14.9875	24.25	40.6825	65.7344
5000	600	11.7236	18.0733	30.625	53.8188	89.134
5000	700	14.7537	22.8779	38.9375	67.8059	110.8927
5000	800	17.2119	26.9451	46.875	83.1231	139.2907
5000	900	19.4238	30.6195	55.25	104.1408	167.5082
5000	1000	25.8135	40.9499	74.25	141.1378	225.1221
5000	1100	33.0469	57.789	117.5	236.4635	356.3563
5000	1200	0.8178	1.1228	1.6484	2.4961	3.6266
5000	1300	0.8398	1.1482	1.6797	2.5233	3.6439
5000	1400	0.9457	1.2984	1.9062	2.8636	4.1468
5000	1500	1.3055	1.805	2.6953	4.1242	6.0806
5000	1600	0.8503	1.1577	1.6875	2.5149	3.6289
5000	1700	1.119	1.5474	2.2734	3.4243	4.9643
5000	1800	1.1597	1.6059	2.375	3.5868	5.2198
5000	1900	1.1728	1.6171	2.3828	3.5891	5.2174
5000	2000	1.1758	1.6075	2.3516	3.5045	5.057
5000	2100	1.5747	2.2161	3.3594	5.2207	7.8351
5000	2200	4.4023	6.3922	10.0625	16.48	25.8556
5000	2300	1.2881	1.7762	2.6172	3.9525	5.7521
5000	2400	1.7471	2.4194	3.5781	5.4465	7.9725
