400	100	131.75	176.252	248.0	352.7851	482.9092	189.2213
400	150	92.8359	124.1937	174.75	248.5855	340.2758	146.389
600	100	25.8076	34.6001	47.875	66.7673	89.2415	35.451
600	200	20.6865	27.5961	38.375	53.8244	72.2429	31.7414
800	100	9.501	12.6744	17.625	24.7207	33.18	16.9014
800	200	12.1489	16.1435	22.375	31.2046	41.7082	16.7363
800	300	7.749	10.3373	14.375	20.0476	26.7958	12.3889
1000	100	4.5315	6.0451	8.4062	11.7905	15.8252	9.6592
1000	200	5.5085	7.3485	10.2188	14.3327	19.2373	11.2917
1000	300	5.6938	7.5576	10.5625	14.7728	19.8547	10.4706
1000	400	4.0973	5.4875	7.6562	10.7081	14.3917	7.4071
1200	100	2.8048	3.7229	5.2031	7.2979	9.8617	5.5208
1200	200	2.7037	3.6068	5.0156	7.0349	9.4422	5.465
1200	300	4.3462	5.7979	8.0625	11.2441	15.0289	8.3585
1200	400	3.5881	4.7626	6.6562	9.2829	12.4076	6.2714
1200	500	2.9985	4.0001	5.5625	7.7576	10.3688	5.1142
1400	100	1.8229	2.4414	3.4062	4.7776	6.456	3.3583
1400	200	1.752	2.3371	3.25	4.5455	6.1091	3.2491
1400	300	2.7573	3.6638	5.0781	7.082	9.4659	4.986
1400	400	2.729	3.6405	5.0625	7.0804	9.4837	4.5349
1400	500	2.2657	3.0225	4.2031	5.8953	7.9126	3.5419
1400	600	2.2068	2.9439	4.0938	5.7255	7.6689	3.5077
1600	100	1.0833	1.4566	2.0391	2.8925	3.9392	1.8529
1600	200	1.0833	1.4566	2.0391	2.9006	3.9447	1.8805
1600	300	1.6055	2.1393	3.0	4.2197	5.6944	2.7402
1600	400	2.3669	3.133	4.3281	6.0361	8.0122	4.0062
1600	500	2.0804	2.7753	3.8594	5.3977	7.2051	3.6679
1600	600	1.8647	2.4974	3.4844	4.8594	6.5175	3.3196
1600	700	1.8446	2.4607	3.4219	4.7722	6.3786	3.2468
1600	750	1.8278	2.4383	3.3906	4.7286	6.3203	3.2184
1800	100	0.7498	1.0123	1.4219	2.0283	2.7725	1.1648
1800	200	0.9131	1.2215	1.7188	2.4381	3.3313	1.417
1800	300	1.0912	1.4615	2.0391	2.8762	3.9021	1.6977
1800	400	1.7014	2.2697	3.1562	4.4018	5.8834	2.7349
1800	500	1.7816	2.3674	3.2812	4.5761	6.0742	2.9922
1800	600	1.6467	2.1967	3.0547	4.2601	5.6941	2.9541
1800	700	1.5624	2.0843	2.8984	4.0422	5.4028	2.8299
1800	800	1.5582	2.0787	2.8906	4.0198	5.38	2.7373
2000	100	0.5727	0.7692	1.0859	1.5534	2.1341	0.851
2000	200	0.7107	0.9545	1.3477	1.9278	2.6484	1.0779
2000	300	0.7004	0.9407	1.3281	1.8946	2.5897	1.0707
2000	400	1.0954	1.4596	2.0469	2.8872	3.917	1.6859
2000	500	1.335	1.7809	2.4766	3.4736	4.6623	2.1772
2000	600	1.2971	1.7217	2.4062	3.375	4.5299	2.1849
2000	700	1.2171	1.6155	2.2578	3.1668	4.2649	2.0831
2000	800	1.2045	1.6068	2.2344	3.1339	4.2063	2.0495
2000	900	1.2171	1.6155	2.2578	3.1578	4.2441	2.0405
2200	100	0.5521	0.7415	1.0469	1.4934	2.0413	0.6904
2200	200	0.6952	0.93	1.3086	1.8615	2.5481	0.8884
2200	300	0.6329	0.8467	1.1914	1.6995	2.3231	0.862
2200	400	0.7865	1.0522	1.4805	2.1001	2.86	1.1209
2200	500	1.0076	1.3495	1.8828	2.6558	3.5791	1.5255
2200	600	1.0486	1.3919	1.9453	2.7285	3.6621	1.677
2200	700	1.0065	1.336	1.8672	2.6189	3.527	1.649
2200	800	0.9909	1.3271	1.8516	2.597	3.4975	1.6429
2200	900	0.9742	1.2981	1.8203	2.5459	3.4217	1.6292
2200	1000	1.0065	1.3427	1.8672	2.6189	3.5151	1.6484
2400	100	0.3327	0.4555	0.6602	0.9733	1.3813	0.398
2400	200	0.4185	0.5707	0.8242	1.2152	1.7246	0.4982
2400	300	0.4637	0.6297	0.9062	1.3217	1.8539	0.5483
2400	400	0.6068	0.8216	1.168	1.6754	2.313	0.7219
2400	500	0.8114	1.0911	1.5273	2.1544	2.9228	1.0335
2400	600	0.924	1.2375	1.7266	2.4217	3.2724	1.2674
2400	700	0.9391	1.2528	1.7422	2.4505	3.2958	1.3275
2400	800	0.9073	1.2151	1.6953	2.3778	3.1915	1.3343
2400	900	0.8905	1.1927	1.6641	2.334	3.1327	1.3475
2400	1000	0.9097	1.2135	1.6875	2.3669	3.1768	1.3594
2400	1100	0.8989	1.2039	1.6797	2.3492	3.1574	1.3284
2600	100	0.2666	0.3666	0.5332	0.7882	1.1235	0.3207
2600	200	0.3218	0.4406	0.6387	0.9467	1.3511	0.3882
2600	300	0.3307	0.4528	0.6562	0.9728	1.3843	0.4003
2600	400	0.374	0.5121	0.7422	1.0913	1.5511	0.448
2600	500	0.5217	0.7093	1.0117	1.4674	2.0394	0.6161
2600	600	0.6633	0.8909	1.2578	1.7893	2.4492	0.8066
2600	700	0.7056	0.9488	1.3281	1.884	2.5489	0.8914
2600	800	0.6993	0.9404	1.3164	1.8674	2.5264	0.9155
2600	900	0.7159	0.9627	1.3477	1.9117	2.5864	0.9619
2600	1000	0.7222	0.9661	1.3594	1.9175	2.6014	0.9758
2600	1100	0.7201	0.9683	1.3555	1.912	2.5939	0.9792
2600	1200	0.7056	0.9488	1.3281	1.8734	2.5416	0.969
2600	1250	0.6952	0.9348	1.3086	1.8459	2.4959	0.9455
2800	100	0.2866	0.393	0.5645	0.8277	1.1714	0.3267
2800	200	0.3154	0.43	0.6211	0.9108	1.2851	0.36
2800	300	0.3392	0.4625	0.668	0.9795	1.3862	0.3918
2800	400	0.3342	0.4557	0.6582	0.9704	1.3732	0.3921
2800	500	0.3908	0.5328	0.7695	1.1253	1.5856	0.4625
2800	600	0.4874	0.6627	0.9453	1.3636	1.8889	0.5885
2800	700	0.5438	0.7304	1.0312	1.4711	2.0173	0.675
2800	800	0.5644	0.7581	1.0703	1.5183	2.0812	0.7327
2800	900	0.5562	0.747	1.0547	1.4961	2.0509	0.7427
2800	1000	0.5706	0.7704	1.082	1.5349	2.0972	0.7719
2800	1100	0.5873	0.7856	1.1055	1.5681	2.1356	0.7997
2800	1200	0.5873	0.7856	1.1055	1.5681	2.1356	0.8001
2800	1300	0.5956	0.8009	1.1211	1.5903	2.1658	0.8096
2800	1350	0.5811	0.7813	1.0938	1.5515	2.0991	0.8113
3000	100	0.2288	0.3173	0.4648	0.6983	1.0084	0.2961
3000	200	0.2461	0.3413	0.5	0.7491	1.0836	0.3175
3000	300	0.3018	0.4149	0.6035	0.897	1.2818	0.3734
3000	400	0.3144	0.4287	0.6191	0.9104	1.2902	0.3748
3000	500	0.3548	0.4844	0.6934	1.0112	1.4184	0.4187
3000	600	0.4189	0.5696	0.8125	1.1752	1.6357	0.5067
3000	700	0.4805	0.648	0.918	1.3168	1.8179	0.6193
3000	800	0.505	0.6811	0.9648	1.3725	1.8788	0.7134
3000	900	0.5088	0.6834	0.9648	1.3687	1.8639	0.7368
3000	1000	0.5126	0.6857	0.9648	1.3725	1.8727	0.7664
3000	1100	0.5212	0.7	0.9883	1.4019	1.9092	0.7883
3000	1200	0.525	0.7024	0.9883	1.4059	1.9119	0.7868
3000	1300	0.5271	0.7051	0.9922	1.4075	1.9168	0.7851
3000	1400	0.517	0.6944	0.9805	1.3908	1.8941	0.7638
3200	100	0.1926	0.2668	0.3945	0.6005	0.8791	0.2725
3200	200	0.1911	0.2658	0.3945	0.5974	0.8774	0.2738
3200	300	0.2403	0.3328	0.4922	0.7453	1.0887	0.3357
3200	400	0.2442	0.3367	0.4961	0.7472	1.0833	0.3342
3200	500	0.2791	0.3853	0.5625	0.8383	1.2028	0.3759
3200	600	0.3333	0.4569	0.6562	0.9623	1.3538	0.4402
3200	700	0.4018	0.5441	0.7734	1.1156	1.5454	0.5529
3200	800	0.4335	0.5845	0.8281	1.1846	1.6274	0.6688
3200	900	0.4417	0.5956	0.8438	1.207	1.6581	0.7485
3200	1000	0.4417	0.5956	0.8438	1.207	1.6581	0.7874
3200	1100	0.4478	0.6039	0.8555	1.2203	1.6789	0.8027
3200	1200	0.4519	0.6094	0.8633	1.2315	1.6833	0.812
3200	1300	0.4614	0.6197	0.875	1.2482	1.7062	0.805
3200	1400	0.4594	0.617	0.8711	1.2426	1.6986	0.7972
3200	1500	0.4437	0.5983	0.8477	1.2024	1.6483	0.742
3400	100	0.1878	0.2612	0.3877	0.5901	0.8684	0.2741
3400	200	0.1741	0.2421	0.3594	0.547	0.805	0.2562
3400	300	0.2195	0.3053	0.4531	0.6879	1.0087	0.3216
3400	400	0.2155	0.2985	0.4414	0.6701	0.9799	0.314
3400	500	0.2289	0.317	0.4688	0.706	1.0236	0.3343
3400	600	0.2558	0.3512	0.5156	0.7684	1.1057	0.3757
3400	700	0.3154	0.43	0.6211	0.9108	1.2813	0.4665
3400	800	0.3484	0.4738	0.6758	0.9748	1.3545	0.5665
3400	900	0.365	0.4922	0.6973	1.003	1.3827	0.6343
3400	1000	0.3633	0.4919	0.6992	1.003	1.3847	0.6839
3400	1100	0.3752	0.506	0.7168	1.0311	1.4214	0.7231
3400	1200	0.3721	0.5018	0.7109	1.0227	1.4098	0.7274
3400	1300	0.3844	0.5184	0.7344	1.0534	1.4544	0.7459
3400	1400	0.3916	0.528	0.748	1.0731	1.472	0.738
3400	1500	0.3905	0.5266	0.7461	1.0673	1.4662	0.7097
3400	1600	0.3864	0.5211	0.7383	1.0532	1.4489	0.668
3600	100	0.1902	0.2645	0.3926	0.5976	0.8794	0.279
3600	200	0.1698	0.2362	0.3506	0.5337	0.7853	0.2518
3600	300	0.2119	0.2947	0.4375	0.666	0.98	0.3142
3600	400	0.2091	0.2908	0.4316	0.6536	0.9599	0.3106
3600	500	0.2098	0.2905	0.4297	0.6506	0.9504	0.3164
3600	600	0.2259	0.3115	0.459	0.6895	1.0012	0.3454
3600	700	0.2559	0.3518	0.5117	0.7606	1.0868	0.3966
3600	800	0.2906	0.3984	0.5723	0.8369	1.1791	0.477
3600	900	0.3082	0.419	0.5977	0.8669	1.2047	0.5438
3600	1000	0.3156	0.4273	0.6074	0.8762	1.2213	0.5935
3600	1100	0.3186	0.4314	0.6133	0.8846	1.2254	0.6246
3600	1200	0.3257	0.441	0.627	0.9043	1.2527	0.6576
3600	1300	0.3318	0.4493	0.6387	0.9213	1.2762	0.6617
3600	1400	0.3328	0.4507	0.6406	0.919	1.2767	0.6571
3600	1500	0.3394	0.4577	0.6484	0.9328	1.2859	0.6437
3600	1600	0.3517	0.4743	0.6719	0.9638	1.3306	0.6334
3600	1700	0.3384	0.4563	0.6465	0.9274	1.2803	0.5879
3800	100	0.1996	0.2776	0.4121	0.6306	0.9346	0.2935
3800	200	0.1727	0.2401	0.3564	0.5426	0.8027	0.2557
3800	300	0.2062	0.2869	0.4258	0.6481	0.9588	0.3061
3800	400	0.21	0.2921	0.4336	0.66	0.9712	0.3145
3800	500	0.2012	0.2787	0.4121	0.6257	0.9174	0.3055
3800	600	0.2057	0.2837	0.418	0.6329	0.9195	0.3184
3800	700	0.2278	0.316	0.4629	0.6935	0.9976	0.362
3800	800	0.2441	0.3357	0.4883	0.7238	1.03	0.4052
3800	900	0.2767	0.3794	0.5449	0.7947	1.1181	0.4898
3800	1000	0.283	0.3827	0.5488	0.796	1.1131	0.5218
3800	1100	0.29	0.3943	0.5625	0.8136	1.1324	0.5672
3800	1200	0.2943	0.3984	0.5664	0.8193	1.1403	0.5856
3800	1300	0.2953	0.3977	0.5684	0.8198	1.1357	0.5892
3800	1400	0.3014	0.4081	0.5801	0.8367	1.1591	0.5925
3800	1500	0.3034	0.4108	0.584	0.8424	1.1669	0.5893
3800	1600	0.3064	0.4149	0.5898	0.8485	1.1771	0.5801
3800	1700	0.3125	0.4232	0.6016	0.8653	1.1967	0.5633
3800	1800	0.3014	0.4081	0.5801	0.8344	1.1576	0.5179
4000	100	0.2055	0.2871	0.4277	0.6596	0.9877	0.3017
4000	200	0.1731	0.2408	0.3574	0.5498	0.8204	0.256
4000	300	0.2072	0.2882	0.4277	0.6562	0.9759	0.3083
4000	400	0.2129	0.2961	0.4395	0.6724	0.9966	0.3198
4000	500	0.2053	0.2855	0.4238	0.6434	0.9485	0.3147
4000	600	0.1993	0.276	0.4082	0.6181	0.9078	0.3105
4000	700	0.2086	0.2876	0.4238	0.6384	0.9306	0.3341
4000	800	0.2229	0.3077	0.4492	0.6713	0.9671	0.3708
4000	900	0.2451	0.3355	0.4863	0.719	1.0247	0.4276
4000	1000	0.2569	0.3488	0.502	0.734	1.0343	0.4743
4000	1100	0.2649	0.3582	0.5137	0.7471	1.0495	0.5051
4000	1200	0.2649	0.3601	0.5137	0.745	1.0418	0.5263
4000	1300	0.2719	0.3697	0.5273	0.7649	1.063	0.5455
4000	1400	0.2749	0.3738	0.5332	0.7691	1.0721	0.5489
4000	1500	0.2861	0.3875	0.5508	0.7945	1.104	0.5591
4000	1600	0.285	0.3875	0.5527	0.7973	1.1044	0.5449
4000	1700	0.2831	0.3833	0.5449	0.786	1.0922	0.5284
4000	1800	0.2841	0.3827	0.5469	0.7888	1.0927	0.4996
4000	1900	0.2769	0.3765	0.5371	0.7748	1.0799	0.48
4200	100	0.2316	0.3239	0.4941	0.7896	1.2185	0.3409
4200	200	0.1759	0.2454	0.3691	0.5796	0.885	0.2627
4200	300	0.2085	0.2908	0.4375	0.6869	1.0438	0.3094
4200	400	0.2169	0.3043	0.4551	0.7108	1.0736	0.3288
4200	500	0.2062	0.2851	0.4258	0.6566	0.9831	0.3143
4200	600	0.2006	0.2773	0.4141	0.6369	0.9504	0.3143
4200	700	0.1996	0.2776	0.4121	0.6306	0.9346	0.32
4200	800	0.2124	0.2946	0.4316	0.6519	0.9538	0.3513
4200	900	0.2275	0.3129	0.4551	0.6818	0.9862	0.3937
4200	1000	0.2352	0.3221	0.4668	0.6882	0.9824	0.4266
4200	1100	0.248	0.3381	0.4883	0.716	1.0163	0.4662
4200	1200	0.2509	0.3425	0.4902	0.715	1.0028	0.4916
4200	1300	0.2568	0.3473	0.498	0.7224	1.0163	0.5082
4200	1400	0.2588	0.35	0.502	0.728	1.0149	0.5076
4200	1500	0.2618	0.356	0.5078	0.7365	1.0236	0.5083
4200	1600	0.2649	0.3601	0.5137	0.743	1.0341	0.5096
4200	1700	0.2689	0.3656	0.5215	0.7543	1.0499	0.5117
4200	1800	0.2669	0.3628	0.5176	0.7486	1.042	0.4817
4200	1900	0.2639	0.3568	0.5117	0.7402	1.0302	0.4612
4200	2000	0.2549	0.3461	0.498	0.7323	1.0348	0.4332
4400	100	0.265	0.3966	0.6523	1.1152	1.7462	0.4159
4400	200	0.1939	0.2803	0.4512	0.7569	1.2038	0.3017
4400	300	0.2313	0.3438	0.5586	0.9371	1.4547	0.3641
4400	400	0.2193	0.3118	0.4883	0.7997	1.2814	0.3407
4400	500	0.2167	0.3081	0.4824	0.7786	1.2142	0.3397
4400	600	0.2044	0.2875	0.4434	0.7084	1.0933	0.3225
4400	700	0.1978	0.2765	0.4219	0.6674	1.0184	0.32
4400	800	0.198	0.2749	0.4121	0.6404	0.9612	0.3294
4400	900	0.2096	0.2936	0.4434	0.6925	1.0357	0.3649
4400	1000	0.2222	0.3077	0.4551	0.6963	1.0267	0.3977
4400	1100	0.2374	0.3259	0.4785	0.7246	1.0527	0.4444
4400	1200	0.2333	0.3194	0.4629	0.6861	0.9849	0.4571
4400	1300	0.242	0.3318	0.4766	0.7026	0.9971	0.4765
4400	1400	0.2427	0.3282	0.4707	0.6902	0.9739	0.4838
4400	1500	0.2529	0.3433	0.4941	0.7246	1.0255	0.5008
4400	1600	0.2489	0.3398	0.4863	0.7131	1.0063	0.4873
4400	1700	0.2519	0.3454	0.4961	0.7314	1.038	0.4863
4400	1800	0.2569	0.3488	0.502	0.736	1.0355	0.4826
4400	1900	0.2539	0.3462	0.5	0.7392	1.0474	0.4633
4400	2000	0.2499	0.3446	0.5078	0.7608	1.0882	0.448
4400	2100	0.3138	0.4838	0.7578	1.1445	1.6112	0.6923
4600	100	0.4161	0.6919	1.1836	1.9101	2.7942	0.658
4600	200	0.4099	0.6896	1.1406	1.7817	2.5724	0.6293
4600	300	0.3282	0.5458	0.9336	1.4992	2.2005	0.5305
4600	400	0.5603	0.8908	1.4062	2.1406	3.0666	0.7868
4600	500	0.3815	0.6384	1.0391	1.623	2.3493	0.61
4600	600	0.6815	1.0418	1.5859	2.3509	3.3067	1.0366
4600	700	0.741	1.1088	1.6641	2.4534	3.4411	1.2221
4600	800	0.199	0.2744	0.4043	0.6074	0.8819	0.3304
4600	900	0.2025	0.278	0.4082	0.6132	0.8905	0.3429
4600	1000	0.2067	0.2866	0.4199	0.6358	0.9238	0.3624
4600	1100	0.2185	0.2992	0.4336	0.6427	0.9199	0.4055
4600	1200	0.2251	0.307	0.4434	0.6501	0.9174	0.4239
4600	1300	0.2261	0.3092	0.4453	0.6494	0.9165	0.4404
4600	1400	0.2369	0.3234	0.4629	0.6751	0.9469	0.4633
4600	1500	0.2389	0.3252	0.4668	0.6789	0.9537	0.4645
4600	1600	0.2349	0.3207	0.459	0.6657	0.9338	0.4571
4600	1700	0.2447	0.3309	0.4746	0.6903	0.9697	0.472
4600	1800	0.2377	0.3214	0.4609	0.6722	0.9372	0.4439
4600	1900	0.2339	0.3193	0.457	0.6665	0.9349	0.4285
4600	2000	0.2369	0.3216	0.4629	0.6751	0.9469	0.4221
4600	2100	0.2251	0.3087	0.4434	0.6484	0.9135	0.3946
4600	2200	0.2192	0.2989	0.4316	0.6329	0.8958	0.3758
4800	100	0.3286	0.4583	0.6895	1.0687	1.6228	0.4652
4800	200	0.2233	0.3105	0.4609	0.7016	1.0325	0.3254
4800	300	0.2337	0.325	0.4824	0.7343	1.0806	0.3399
4800	400	0.2611	0.3632	0.5391	0.8205	1.2075	0.3841
4800	500	0.2356	0.3296	0.4863	0.7403	1.0865	0.3548
4800	600	0.2165	0.2998	0.4434	0.6749	0.9905	0.3315
4800	700	0.2108	0.2919	0.4316	0.6519	0.9538	0.336
4800	800	0.2067	0.285	0.4199	0.6342	0.9229	0.3373
4800	900	0.2028	0.2797	0.4121	0.6158	0.8872	0.3414
4800	1000	0.1986	0.2743	0.4004	0.5983	0.8571	0.3441
4800	1200	0.2106	0.2884	0.418	0.6146	0.8684	0.3897
4800	1300	0.2172	0.2962	0.4277	0.6272	0.8824	0.4103
4800	1400	0.2202	0.3002	0.4336	0.6358	0.8945	0.4222
4800	1500	0.2212	0.3032	0.4355	0.6352	0.891	0.4277
4800	1600	0.2319	0.3148	0.4531	0.6608	0.9269	0.4452
4800	1700	0.2281	0.311	0.4492	0.6605	0.9389	0.4383
4800	1800	0.2299	0.3121	0.4492	0.6551	0.9189	0.4272
4800	1900	0.2309	0.3152	0.4512	0.658	0.9229	0.4356
4800	2000	0.2152	0.2935	0.4238	0.6215	0.8795	0.3799
4800	2100	0.2212	0.3032	0.4355	0.6387	0.8985	0.3866
4800	2200	0.2232	0.3043	0.4395	0.6444	0.912	0.3838
4800	2300	0.2077	0.2843	0.4121	0.6076	0.8623	0.3512
5000	200	0.3232	0.4548	0.6895	1.0824	1.6608	0.4582
5000	300	0.2705	0.3789	0.5723	0.903	1.3935	0.3983
5000	400	0.2715	0.3776	0.5605	0.8555	1.2568	0.3942
5000	500	0.2441	0.3395	0.5039	0.767	1.1287	0.3632
5000	600	0.2233	0.3105	0.4609	0.698	1.0251	0.343
5000	700	0.2127	0.2945	0.4355	0.6595	0.9634	0.3317
5000	800	0.1984	0.2747	0.4062	0.6135	0.8953	0.3192
5000	900	0.198	0.2746	0.4023	0.6044	0.8753	0.3306
5000	1000	0.2025	0.278	0.4082	0.6083	0.8754	0.3469
5000	1100	0.2061	0.2833	0.4121	0.6142	0.8787	0.3627
5000	1200	0.2041	0.2806	0.4082	0.6051	0.866	0.3665
5000	1300	0.2136	0.2924	0.4238	0.6232	0.8832	0.3982
5000	1400	0.2182	0.2975	0.4297	0.6318	0.8928	0.4178
5000	1500	0.2202	0.3002	0.4336	0.6324	0.8923	0.4248
5000	1600	0.2113	0.2896	0.416	0.61	0.8582	0.4008
5000	1700	0.2192	0.2989	0.4316	0.6312	0.8894	0.4208
5000	1800	0.2182	0.2992	0.4297	0.6301	0.8864	0.4128
5000	1900	0.2229	0.3043	0.4355	0.6387	0.8985	0.4216
5000	2000	0.2281	0.3128	0.4492	0.6551	0.9217	0.4203
5000	2100	0.2142	0.2921	0.4219	0.6186	0.8755	0.3736
5000	2200	0.2182	0.2975	0.4297	0.6301	0.8917	0.3801
5000	2300	0.2113	0.288	0.416	0.6133	0.8679	0.3676
5000	2400	0.2031	0.2793	0.4062	0.6022	0.8569	0.3445
