400	100	91.6406	122.2498	170.0	239.118	322.6832	123.7321
400	150	58.7334	78.6618	109.75	153.9343	208.0146	66.9242
600	100	15.498	20.6746	28.75	40.0953	53.5915	26.5832
600	200	14.3208	19.0295	26.375	36.7831	49.1644	14.0828
800	100	5.8792	7.8429	10.9062	15.2101	20.3298	12.4176
800	200	8.5857	11.4087	15.8125	21.9263	29.1809	8.5759
800	300	5.2939	7.0346	9.75	13.5587	18.021	5.5337
1000	100	3.1754	4.236	5.8906	8.2152	10.9804	5.5067
1000	200	3.9026	5.1858	7.1875	10.0238	13.3979	6.4484
1000	300	3.925	5.2361	7.2812	10.1546	13.5258	5.9172
1000	400	2.8048	3.7417	5.2031	7.2564	9.6989	4.1056
1200	100	1.8783	2.5057	3.4844	4.8594	6.5175	3.7903
1200	200	1.8362	2.4495	3.4062	4.7504	6.3494	3.5491
1200	300	3.0406	4.0563	5.6406	7.8216	10.4458	5.178
1200	400	2.4763	3.3034	4.5938	6.4065	8.5335	3.7488
1200	500	2.0973	2.8118	3.8906	5.4259	7.2523	3.0275
1400	100	1.255	1.6742	2.3281	3.2561	4.3613	3.5526
1400	200	1.2302	1.6346	2.2656	3.1507	4.2022	3.1886
1400	300	1.9004	2.5252	3.5	4.8672	6.4691	3.9641
1400	400	1.8615	2.4832	3.4531	4.8158	6.4146	3.0989
1400	500	1.5751	2.1012	2.9219	4.0749	5.4465	2.2323
1400	600	1.5245	2.0338	2.8281	3.9442	5.2718	2.2188
1600	100	0.7463	0.9995	1.3945	1.956	2.6253	1.9396
1600	200	0.7588	1.0163	1.418	1.9888	2.6875	2.0802
1600	300	1.0908	1.4551	2.0234	2.83	3.8035	2.9769
1600	400	1.5356	2.0405	2.8281	3.9329	5.2273	3.5345
1600	500	1.394	1.8596	2.5859	3.6064	4.8203	2.6587
1600	600	1.2634	1.6854	2.3438	3.2686	4.3689	2.2206
1600	700	1.2424	1.6573	2.3047	3.2142	4.2961	2.2295
1600	750	1.2339	1.6461	2.2891	3.1832	4.2604	2.145
1800	100	0.4877	0.6524	0.918	1.2949	1.7567	0.6473
1800	200	0.5937	0.7911	1.1094	1.5648	2.1088	0.8216
1800	300	0.7286	0.9719	1.3516	1.8957	2.5444	1.1029
1800	400	1.1413	1.5225	2.1172	2.9358	3.9208	2.0467
1800	500	1.1708	1.5618	2.1719	3.0203	4.0143	1.9096
1800	600	1.0781	1.4382	2.0	2.7892	3.7281	1.7677
1800	700	1.0318	1.3764	1.9141	2.6618	3.5625	1.6783
1800	800	1.0402	1.3877	1.9297	2.6912	3.5722	1.6431
2000	100	0.3798	0.508	0.7148	1.0083	1.368	0.4413
2000	200	0.4586	0.6135	0.8633	1.2177	1.652	0.5291
2000	300	0.462	0.6187	0.8633	1.2246	1.6568	0.5239
2000	400	0.7087	0.9491	1.3242	1.8573	2.4929	0.7756
2000	500	0.8802	1.1742	1.6328	2.2837	3.0483	0.9434
2000	600	0.8591	1.1461	1.5938	2.2354	2.9799	0.9258
2000	700	0.817	1.0899	1.5156	2.1258	2.8435	0.9171
2000	800	0.8128	1.0843	1.5078	2.1088	2.8149	0.927
2000	900	0.8191	1.0927	1.5195	2.1192	2.8325	0.9463
2200	100	0.3642	0.4897	0.6855	0.9697	1.3138	0.3869
2200	200	0.4545	0.608	0.8555	1.2033	1.6293	0.4727
2200	300	0.4254	0.572	0.8008	1.1296	1.5222	0.4418
2200	400	0.5167	0.6948	0.9727	1.3681	1.8462	0.5103
2200	500	0.6654	0.8877	1.2344	1.7313	2.3238	0.6205
2200	600	0.697	0.9298	1.293	1.8084	2.4221	0.6407
2200	700	0.6738	0.8989	1.25	1.7483	2.3416	0.6387
2200	800	0.6675	0.8905	1.2383	1.7319	2.3276	0.6464
2200	900	0.6633	0.8849	1.2305	1.7209	2.313	0.6649
2200	1000	0.6759	0.9017	1.2539	1.7537	2.3409	0.6772
2400	100	0.2206	0.2999	0.4277	0.617	0.8547	0.2779
2400	200	0.279	0.3793	0.541	0.7804	1.081	0.3416
2400	300	0.3044	0.4122	0.5859	0.8405	1.1604	0.3525
2400	400	0.3965	0.5354	0.752	1.0697	1.4642	0.4107
2400	500	0.5412	0.7219	1.0039	1.4121	1.9056	0.5051
2400	600	0.617	0.8231	1.1445	1.6053	2.1546	0.5636
2400	700	0.6254	0.8343	1.1602	1.6272	2.1766	0.5756
2400	800	0.6128	0.8174	1.1367	1.5944	2.1327	0.5759
2400	900	0.6043	0.8062	1.1211	1.568	2.1074	0.5826
2400	1000	0.6128	0.8174	1.1367	1.5898	2.1294	0.587
2400	1100	0.6086	0.8118	1.1289	1.5789	2.1076	0.5987
2600	100	0.1873	0.2547	0.3633	0.524	0.7304	0.2403
2600	200	0.2243	0.3036	0.4316	0.6261	0.8701	0.287
2600	300	0.2286	0.3108	0.4434	0.6395	0.8914	0.2898
2600	400	0.2568	0.3492	0.498	0.7164	0.9939	0.3131
2600	500	0.3476	0.4687	0.6641	0.9473	1.3032	0.392
2600	600	0.4482	0.6027	0.8438	1.1902	1.6147	0.4798
2600	700	0.4711	0.6334	0.8867	1.2472	1.6831	0.5243
2600	800	0.469	0.6306	0.8828	1.2417	1.6757	0.5322
2600	900	0.4794	0.6446	0.9023	1.2728	1.7153	0.5523
2600	1000	0.485	0.6495	0.9062	1.2783	1.7227	0.5474
2600	1100	0.4913	0.6579	0.918	1.2875	1.7399	0.5461
2600	1200	0.4829	0.6467	0.9023	1.2692	1.707	0.5438
2600	1250	0.4745	0.6323	0.8867	1.2437	1.6693	0.5296
2800	100	0.1983	0.2675	0.3789	0.5466	0.7547	0.2281
2800	200	0.2198	0.2964	0.4199	0.604	0.8353	0.2521
2800	300	0.2382	0.3212	0.4551	0.6564	0.9065	0.2759
2800	400	0.2364	0.3201	0.4551	0.6528	0.9041	0.2768
2800	500	0.2719	0.3667	0.5195	0.7453	1.0289	0.3183
2800	600	0.3327	0.4468	0.6309	0.8999	1.2301	0.388
2800	700	0.3683	0.4953	0.6934	0.9808	1.3288	0.4411
2800	800	0.3766	0.5065	0.709	1.0001	1.3568	0.4757
2800	900	0.3756	0.5051	0.707	0.9973	1.353	0.4867
2800	1000	0.3818	0.5134	0.7188	1.0138	1.3754	0.496
2800	1100	0.3881	0.5218	0.7305	1.0304	1.3979	0.5054
2800	1200	0.3943	0.5302	0.7422	1.0469	1.4108	0.4982
2800	1300	0.4055	0.5404	0.7578	1.0659	1.4384	0.4921
2800	1350	0.3951	0.5265	0.7383	1.0355	1.3993	0.4754
3000	100	0.1468	0.2001	0.2891	0.425	0.6024	0.1761
3000	200	0.1567	0.2137	0.3086	0.4525	0.6404	0.1853
3000	300	0.1954	0.2653	0.3818	0.5569	0.7811	0.2219
3000	400	0.2085	0.2819	0.4043	0.5832	0.8129	0.2279
3000	500	0.2385	0.3229	0.459	0.6584	0.909	0.2576
3000	600	0.2883	0.3908	0.5508	0.7857	1.074	0.3149
3000	700	0.3258	0.4359	0.6133	0.87	1.1848	0.3663
3000	800	0.3434	0.4618	0.6465	0.9119	1.2372	0.4161
3000	900	0.3455	0.4646	0.6504	0.9174	1.2446	0.4367
3000	1000	0.3445	0.4632	0.6484	0.9147	1.2409	0.457
3000	1100	0.3502	0.469	0.6543	0.9229	1.2521	0.4599
3000	1200	0.3564	0.4774	0.666	0.9395	1.2703	0.4638
3000	1300	0.3606	0.4805	0.6738	0.9505	1.2809	0.4519
3000	1400	0.3538	0.4758	0.666	0.9368	1.2642	0.4242
3200	100	0.1255	0.1718	0.249	0.3681	0.5247	0.1583
3200	200	0.1235	0.1691	0.2451	0.3624	0.5165	0.1547
3200	300	0.1555	0.2129	0.3086	0.455	0.6457	0.1888
3200	400	0.1587	0.2164	0.3125	0.4595	0.6512	0.1872
3200	500	0.1785	0.2448	0.3516	0.5141	0.7244	0.2032
3200	600	0.2222	0.3009	0.4277	0.6187	0.8611	0.2369
3200	700	0.2689	0.3645	0.5137	0.7328	1.0016	0.2869
3200	800	0.2936	0.3928	0.5527	0.7841	1.0678	0.3266
3200	900	0.3009	0.4025	0.5664	0.8035	1.087	0.3558
3200	1000	0.304	0.4067	0.5723	0.8095	1.1003	0.381
3200	1100	0.3051	0.4081	0.5742	0.8145	1.102	0.3869
3200	1200	0.3102	0.415	0.584	0.8237	1.1175	0.3961
3200	1300	0.3154	0.422	0.5938	0.8375	1.1362	0.3975
3200	1400	0.3154	0.4241	0.5938	0.8375	1.1362	0.3871
3200	1500	0.3082	0.4144	0.5801	0.8182	1.1101	0.3603
3400	100	0.1235	0.1691	0.2451	0.3624	0.5165	0.158
3400	200	0.1142	0.1563	0.2266	0.334	0.4768	0.1451
3400	300	0.1432	0.1961	0.2842	0.4201	0.5988	0.1777
3400	400	0.1412	0.1934	0.2803	0.4132	0.5899	0.172
3400	500	0.1483	0.2022	0.292	0.4305	0.611	0.1755
3400	600	0.1674	0.2273	0.3271	0.4797	0.6749	0.1915
3400	700	0.2054	0.2793	0.3984	0.5747	0.8011	0.2247
3400	800	0.2321	0.3146	0.4434	0.6342	0.8713	0.2561
3400	900	0.2462	0.3306	0.4668	0.664	0.909	0.2785
3400	1000	0.2482	0.3334	0.4707	0.6696	0.9166	0.2971
3400	1100	0.2513	0.3375	0.4766	0.6798	0.9293	0.3075
3400	1200	0.2544	0.3417	0.4824	0.6843	0.935	0.3188
3400	1300	0.2604	0.3484	0.4902	0.6993	0.9528	0.3195
3400	1400	0.2647	0.3555	0.502	0.712	0.9697	0.3209
3400	1500	0.2677	0.3581	0.5039	0.7148	0.9735	0.3129
3400	1600	0.2646	0.354	0.498	0.7065	0.9622	0.2974
3600	100	0.1255	0.1718	0.249	0.3691	0.5268	0.1606
3600	200	0.1112	0.1523	0.2207	0.3272	0.4669	0.1424
3600	300	0.1393	0.1907	0.2764	0.4086	0.5823	0.1738
3600	400	0.1388	0.19	0.2754	0.406	0.5796	0.1708
3600	500	0.1374	0.1873	0.2705	0.3988	0.566	0.1658
3600	600	0.1463	0.1995	0.2881	0.4236	0.5986	0.1728
3600	700	0.1664	0.226	0.3252	0.4743	0.6652	0.1895
3600	800	0.1928	0.261	0.3711	0.5353	0.7415	0.2153
3600	900	0.2055	0.2756	0.3926	0.56	0.7704	0.2332
3600	1000	0.2106	0.284	0.4023	0.5739	0.7896	0.2459
3600	1100	0.2153	0.2891	0.4082	0.5823	0.7985	0.2576
3600	1200	0.2194	0.2947	0.416	0.5934	0.8138	0.2686
3600	1300	0.2225	0.2988	0.4219	0.6018	0.8226	0.2677
3600	1400	0.2256	0.3045	0.4277	0.6102	0.834	0.273
3600	1500	0.2297	0.3085	0.4355	0.6196	0.8481	0.2698
3600	1600	0.2359	0.3168	0.4473	0.6345	0.864	0.2661
3600	1700	0.2276	0.3057	0.4316	0.6123	0.8366	0.253
3800	100	0.1318	0.1813	0.2637	0.3908	0.5626	0.1695
3800	200	0.1117	0.1529	0.2217	0.3286	0.4703	0.143
3800	300	0.1362	0.1873	0.2725	0.4039	0.578	0.1718
3800	400	0.1382	0.19	0.2764	0.4086	0.584	0.1722
3800	500	0.1329	0.1819	0.2637	0.3898	0.5556	0.1633
3800	600	0.1359	0.1853	0.2676	0.3945	0.5599	0.163
3800	700	0.1473	0.2019	0.29	0.4253	0.6019	0.1728
3800	800	0.1637	0.2213	0.3174	0.4629	0.6473	0.1875
3800	900	0.1816	0.2459	0.3496	0.5043	0.6986	0.2077
3800	1000	0.1871	0.2523	0.3574	0.5127	0.7078	0.2151
3800	1100	0.1937	0.2613	0.3701	0.5294	0.7273	0.2288
3800	1200	0.1953	0.2647	0.373	0.5336	0.7331	0.2337
3800	1300	0.1978	0.2656	0.375	0.5364	0.7369	0.2365
3800	1400	0.2004	0.2702	0.3828	0.5461	0.7464	0.2376
3800	1500	0.2055	0.2771	0.3926	0.5569	0.7634	0.2417
3800	1600	0.2091	0.2808	0.3965	0.564	0.772	0.2411
3800	1700	0.2111	0.2836	0.4004	0.568	0.7786	0.2356
3800	1800	0.2034	0.2732	0.3857	0.5503	0.7522	0.2229
4000	100	0.1386	0.1913	0.2793	0.4196	0.6126	0.178
4000	200	0.1128	0.1551	0.2256	0.3362	0.4879	0.145
4000	300	0.1357	0.1866	0.2715	0.4046	0.5838	0.1717
4000	400	0.1406	0.1934	0.2812	0.418	0.6042	0.1758
4000	500	0.1333	0.1833	0.2666	0.3941	0.565	0.1652
4000	600	0.1309	0.1792	0.2598	0.384	0.5489	0.1601
4000	700	0.1374	0.1873	0.2705	0.3977	0.5654	0.1638
4000	800	0.1473	0.2019	0.29	0.4241	0.6012	0.1733
4000	900	0.1606	0.2172	0.3115	0.4518	0.6318	0.1848
4000	1000	0.1695	0.2294	0.3262	0.4705	0.6517	0.1986
4000	1100	0.1769	0.2385	0.3379	0.486	0.6722	0.2065
4000	1200	0.1794	0.242	0.3428	0.4917	0.6767	0.2142
4000	1300	0.182	0.2454	0.3477	0.4973	0.6832	0.2178
4000	1400	0.184	0.2495	0.3516	0.5029	0.6909	0.2197
4000	1500	0.1891	0.2551	0.3613	0.5154	0.7091	0.2212
4000	1600	0.1902	0.2564	0.3633	0.5182	0.7129	0.2194
4000	1700	0.1912	0.2578	0.3652	0.521	0.7145	0.2194
4000	1800	0.1886	0.2544	0.3604	0.514	0.7027	0.2098
4000	1900	0.1861	0.2509	0.3555	0.5085	0.6986	0.2075
4200	100	0.1528	0.2112	0.3154	0.4877	0.7363	0.1983
4200	200	0.1168	0.161	0.2373	0.3641	0.5414	0.1508
4200	300	0.1379	0.1902	0.2803	0.4277	0.635	0.1751
4200	400	0.1456	0.2008	0.2959	0.4516	0.6669	0.1837
4200	500	0.1357	0.1856	0.2715	0.4078	0.5955	0.1685
4200	600	0.1309	0.1799	0.2617	0.3921	0.5703	0.1615
4200	700	0.1304	0.1793	0.2607	0.3875	0.5585	0.1589
4200	800	0.1394	0.19	0.2744	0.4057	0.5815	0.1657
4200	900	0.1479	0.2008	0.2891	0.4239	0.5999	0.174
4200	1000	0.1571	0.2124	0.3047	0.4444	0.627	0.1836
4200	1100	0.1639	0.2219	0.3154	0.4575	0.6398	0.1924
4200	1200	0.1679	0.2274	0.3232	0.465	0.645	0.2006
4200	1300	0.1712	0.2309	0.3271	0.4693	0.652	0.2042
4200	1400	0.1733	0.2337	0.3311	0.4749	0.6556	0.2045
4200	1500	0.1758	0.2371	0.3359	0.4819	0.6611	0.2052
4200	1600	0.1769	0.2385	0.3379	0.4847	0.6649	0.2056
4200	1700	0.1784	0.2406	0.3408	0.4875	0.6698	0.2064
4200	1800	0.1784	0.2406	0.3408	0.4875	0.6698	0.2006
4200	1900	0.1758	0.2371	0.3359	0.4806	0.6602	0.1949
4200	2000	0.1705	0.2308	0.3281	0.4746	0.6606	0.1895
4400	100	0.1788	0.263	0.4238	0.711	1.1128	0.2471
4400	200	0.128	0.1837	0.29	0.4773	0.7524	0.1753
4400	300	0.1512	0.2181	0.3457	0.5689	0.8741	0.2014
4400	400	0.1451	0.2029	0.3096	0.491	0.7619	0.1859
4400	500	0.1437	0.201	0.3066	0.4839	0.7397	0.1844
4400	600	0.1359	0.1895	0.2852	0.4443	0.6722	0.1704
4400	700	0.1315	0.1818	0.2715	0.4187	0.6237	0.1635
4400	800	0.1345	0.1851	0.2754	0.4236	0.6289	0.164
4400	900	0.141	0.1967	0.2959	0.4587	0.6809	0.1724
4400	1000	0.1465	0.2014	0.293	0.4413	0.6397	0.1742
4400	1100	0.156	0.2136	0.3096	0.4626	0.6646	0.1853
4400	1200	0.1574	0.2137	0.3076	0.4535	0.6437	0.1907
4400	1300	0.1631	0.2206	0.3164	0.464	0.6527	0.1959
4400	1400	0.1634	0.2212	0.3145	0.4561	0.6378	0.1973
4400	1500	0.1674	0.2267	0.3223	0.4674	0.6516	0.1995
4400	1600	0.1659	0.2246	0.3193	0.4606	0.6421	0.1945
4400	1700	0.1677	0.2249	0.3203	0.4608	0.6392	0.1934
4400	1800	0.1697	0.2289	0.3242	0.4677	0.6478	0.195
4400	1900	0.1686	0.2299	0.332	0.4869	0.6809	0.1928
4400	2000	0.1649	0.2244	0.3271	0.4849	0.6861	0.1879
4400	2100	0.1764	0.249	0.3701	0.5486	0.7762	0.2263
4600	100	0.2719	0.4482	0.7734	1.2482	1.8087	0.398
4600	200	0.2458	0.4188	0.707	1.1044	1.5823	0.3619
4600	300	0.2335	0.3949	0.6641	1.0479	1.5146	0.3464
4600	400	0.3051	0.4933	0.7969	1.2225	1.7431	0.4088
4600	500	0.2359	0.3884	0.6426	0.9986	1.4352	0.3199
4600	600	0.3128	0.4973	0.7852	1.1889	1.6805	0.4096
4600	700	0.2283	0.3317	0.5039	0.769	1.1179	0.2919
4600	800	0.1395	0.1941	0.2881	0.4339	0.6256	0.1783
4600	900	0.1344	0.1832	0.2646	0.3881	0.5476	0.1618
4600	1000	0.1384	0.1886	0.2725	0.3995	0.5654	0.1654
4600	1100	0.145	0.1972	0.2812	0.4079	0.5704	0.173
4600	1200	0.1496	0.2033	0.29	0.4195	0.5839	0.1788
4600	1300	0.1522	0.2061	0.293	0.4238	0.5898	0.1835
4600	1400	0.1578	0.2136	0.3037	0.4381	0.6069	0.1893
4600	1500	0.1608	0.2178	0.3096	0.4453	0.6178	0.1906
4600	1600	0.159	0.2144	0.3037	0.4381	0.6031	0.1872
4600	1700	0.1598	0.2164	0.3076	0.4413	0.6092	0.1871
4600	1800	0.159	0.2144	0.3037	0.4369	0.6023	0.183
4600	1900	0.158	0.213	0.3018	0.4353	0.5992	0.1802
4600	2000	0.1578	0.2136	0.3037	0.4357	0.6034	0.178
4600	2100	0.1527	0.2068	0.2939	0.4228	0.5866	0.1727
4600	2200	0.1465	0.1992	0.2842	0.4099	0.5678	0.1676
4800	100	0.2238	0.3091	0.4512	0.6724	0.9757	0.2783
4800	200	0.1501	0.2055	0.2979	0.4415	0.6319	0.1896
4800	300	0.1577	0.2169	0.3154	0.4676	0.6692	0.198
4800	400	0.1743	0.2397	0.3486	0.5168	0.7396	0.2146
4800	500	0.1562	0.2148	0.3125	0.462	0.6623	0.1928
4800	600	0.1427	0.1954	0.2832	0.4198	0.6008	0.1745
4800	700	0.1393	0.1907	0.2764	0.4075	0.5816	0.1694
4800	800	0.1374	0.1873	0.2705	0.3988	0.5693	0.1667
4800	900	0.1359	0.1853	0.2676	0.3924	0.5553	0.1635
4800	1000	0.1344	0.1843	0.2646	0.3881	0.546	0.1615
4800	1100	0.1385	0.1890	0.2705	0.3945	0.5533	0.1657
4800	1200	0.1425	0.1937	0.2764	0.4008	0.5605	0.1698
4800	1300	0.1445	0.1965	0.2803	0.4065	0.565	0.1728
4800	1400	0.1475	0.2006	0.2861	0.4127	0.5753	0.1756
4800	1500	0.1497	0.2027	0.2881	0.4155	0.5756	0.1775
4800	1600	0.1553	0.2102	0.2988	0.4299	0.5963	0.1837
4800	1700	0.1496	0.2033	0.29	0.4207	0.5883	0.177
4800	1800	0.1547	0.2095	0.2979	0.4296	0.5952	0.1788
4800	1900	0.1547	0.2095	0.2979	0.4284	0.5944	0.182
4800	2000	0.147	0.1999	0.2852	0.4113	0.5733	0.1674
4800	2100	0.1485	0.202	0.2881	0.4155	0.5756	0.1686
4800	2200	0.146	0.1985	0.2832	0.4085	0.5676	0.1661
4800	2300	0.1395	0.1896	0.2705	0.3924	0.5453	0.1597
5000	200	0.1802	0.2463	0.3604	0.5399	0.7809	0.2246
5000	300	0.172	0.2375	0.3467	0.5194	0.7555	0.2188
5000	400	0.1846	0.2538	0.3691	0.5472	0.7832	0.225
5000	500	0.165	0.2269	0.3301	0.4893	0.6983	0.2012
5000	600	0.1506	0.2062	0.2988	0.443	0.6303	0.1823
5000	700	0.1417	0.194	0.2812	0.4169	0.5933	0.1718
5000	800	0.1334	0.1819	0.2627	0.3873	0.5529	0.161
5000	900	0.1329	0.1812	0.2617	0.3859	0.5476	0.1611
5000	1000	0.1354	0.1856	0.2666	0.3909	0.5516	0.163
5000	1100	0.1374	0.1876	0.2686	0.3927	0.5534	0.1644
5000	1200	0.1379	0.1883	0.2695	0.392	0.5507	0.1635
5000	1300	0.145	0.1972	0.2812	0.4079	0.5687	0.1713
5000	1400	0.1465	0.1992	0.2842	0.4122	0.5728	0.1758
5000	1500	0.148	0.2013	0.2871	0.4141	0.5773	0.1776
5000	1600	0.1461	0.1978	0.2812	0.4068	0.5662	0.1727
5000	1700	0.1487	0.2013	0.2861	0.4139	0.576	0.176
5000	1800	0.1481	0.2006	0.2852	0.4113	0.5733	0.1734
5000	1900	0.1497	0.2027	0.2881	0.4155	0.5756	0.1751
5000	2000	0.1507	0.204	0.29	0.4184	0.5795	0.1749
5000	2100	0.143	0.1944	0.2773	0.4012	0.5583	0.164
5000	2200	0.145	0.1972	0.2812	0.4068	0.5662	0.1667
5000	2300	0.137	0.1862	0.2656	0.3853	0.5354	0.1593
5000	2400	0.1334	0.1822	0.2607	0.3782	0.5288	0.1529
