400	100	27.77
600	100	8.037
800	100	2.878
1000	100	1.209
1200	100	0.5676
1400	100	0.2872
1600	100	0.1544
1800	100	0.08627
2000	100	0.04977
2200	100	0.02935
2400	100	0.01774
2600	100	0.01091
2800	100	0.006732
3000	100	0.00428
3200	100	0.002726
3400	100	0.001737
3600	100	0.00114
3800	100	0.0007517
4000	100	0.0005001
4200	100	0.0003375
4400	100	0.000232
4600	100	0.0001633
4800	100	0.0001167
5000	100	8.604e-05
600	200	4.072
800	200	2.079
1000	200	0.9949
1200	200	0.4967
1400	200	0.2599
1600	200	0.1423
1800	200	0.08073
2000	200	0.04696
2200	200	0.02797
2400	200	0.01692
2600	200	0.01035
2800	200	0.006435
3000	200	0.004061
3200	200	0.002569
3400	200	0.001645
3600	200	0.001063
3800	200	0.0006882
4000	200	0.000454
4200	200	0.0003003
4400	200	0.0002042
4600	200	0.0001369
4800	200	9.491e-05
5000	200	6.71e-05
800	300	0.949
1000	300	0.6696
1200	300	0.3867
1400	300	0.2183
1600	300	0.1248
1800	300	0.07248
2000	300	0.043
2200	300	0.02587
2400	300	0.01579
2600	300	0.009761
2800	300	0.006073
3000	300	0.003829
3200	300	0.002431
3400	300	0.001559
3600	300	0.0009947
3800	300	0.0006435
4000	300	0.0004212
4200	300	0.0002769
4400	300	0.0001824
4600	300	0.0001188
4800	300	8.645e-05
5000	300	5.721e-05
1000	400	0.2879
1200	400	0.2494
1400	400	0.1647
1600	400	0.1018
1800	400	0.06223
2000	400	0.03812
2200	400	0.02342
2400	400	0.01451
2600	400	0.009039
2800	400	0.00569
3000	400	0.003588
3200	400	0.00228
3400	400	0.001462
3600	400	0.0009425
3800	400	0.0005994
4000	400	0.0003897
4200	400	0.0002551
4400	400	0.0001671
4600	400	0.0001067
4800	400	7.136e-05
5000	400	4.842e-05
1200	500	0.1034
1400	500	0.103
1600	500	0.07499
1800	500	0.04987
2000	500	0.03214
2200	500	0.02047
2400	500	0.01298
2600	500	0.008208
2800	500	0.005215
3000	500	0.003332
3200	500	0.002132
3400	500	0.001368
3600	500	0.0008811
3800	500	0.0005625
4000	500	0.0003619
4200	500	0.0002365
4400	500	0.0001527
4600	500	9.882e-05
4800	500	6.398e-05
5000	500	4.242e-05
1400	600	0.04172
1600	600	0.04589
1800	600	0.03609
2000	600	0.0254
2200	600	0.01703
2400	600	0.01117
2600	600	0.007247
2800	600	0.004696
3000	600	0.00304
3200	600	0.001964
3400	600	0.001263
3600	600	0.0008158
3800	600	0.0005262
4000	600	0.0003393
4200	600	0.0002178
4400	600	0.0001409
4600	600	9.058e-05
4800	600	5.811e-05
5000	600	3.653e-05
1600	700	0.01833
1800	700	0.02175
2000	700	0.01809
2200	700	0.01329
2400	700	0.009205
2600	700	0.006191
2800	700	0.004117
3000	700	0.002711
3200	700	0.00177
3400	700	0.001157
3600	700	0.000751
3800	700	0.0004859
4000	700	0.000313
4200	700	0.0002018
4400	700	0.0001298
4600	700	8.315e-05
4800	700	5.247e-05
5000	700	3.304e-05
1800	800	0.008591
2000	800	0.01079
2200	800	0.009379
2400	800	0.007106
2600	800	0.005071
2800	800	0.003497
3000	800	0.002362
3200	800	0.001573
3400	800	0.001039
3600	800	0.0006838
3800	800	0.0004444
4000	800	0.0002888
4200	800	0.0001866
4400	800	0.0001195
4600	800	7.648e-05
4800	800	4.769e-05
5000	800	2.897e-05
2000	900	0.00422
2200	900	0.005524
2400	900	0.00497
2600	900	0.003888
2800	900	0.002842
3000	900	0.001995
3200	900	0.001363
3400	900	0.0009205
3600	900	0.0006135
3800	900	0.0004036
4000	900	0.000264
4200	900	0.0001712
4400	900	0.0001104
4600	900	6.9e-05
4800	900	4.37e-05
5000	900	2.574e-05
2200	1000	0.00215
2400	1000	0.002909
2600	1000	0.002694
2800	1000	0.002166
3000	1000	0.001608
3200	1000	0.001145
3400	1000	0.0007921
3600	1000	0.0005399
3800	1000	0.0003595
4000	1000	0.0002369
4200	1000	0.0001551
4400	1000	9.948e-05
4600	1000	6.368e-05
4800	1000	3.999e-05
5000	1000	2.438e-05
2400	1100	0.001127
2600	1100	0.00157
2800	1100	0.001492
3000	1100	0.001219
3200	1100	0.0009171
3400	1100	0.0006633
3600	1100	0.0004623
3800	1100	0.0003156
4000	1100	0.0002114
4200	1100	0.0001392
4400	1100	9.047e-05
4600	1100	5.851e-05
4800	1100	3.602e-05
5000	1100	2.225e-05
2600	1200	0.0006044
2800	1200	0.0008617
3000	1200	0.0008341
3200	1200	0.0006905
3400	1200	0.0005283
3600	1200	0.0003829
3800	1200	0.0002691
4000	1200	0.0001836
4200	1200	0.0001232
4400	1200	8.099e-05
4600	1200	5.214e-05
4800	1200	3.257e-05
5000	1200	1.977e-05
2800	1300	0.0003315
3000	1300	0.0004795
3200	1300	0.0004712
3400	1300	0.0003943
3600	1300	0.0003042
3800	1300	0.0002222
4000	1300	0.000156
4200	1300	0.0001064
4400	1300	7.158e-05
4600	1300	4.606e-05
4800	1300	2.943e-05
5000	1300	1.739e-05
3000	1400	0.0001837
3200	1400	0.0002689
3400	1400	0.0002676
3600	1400	0.0002265
3800	1400	0.000176
4000	1400	0.0001285
4200	1400	9.055e-05
4400	1400	6.188e-05
4600	1400	4.057e-05
4800	1400	2.592e-05
5000	1400	1.617e-05
3200	1500	0.0001028
3400	1500	0.0001522
3600	1500	0.000153
3800	1500	0.0001304
4000	1500	0.0001011
4200	1500	7.461e-05
4400	1500	5.213e-05
4600	1500	3.505e-05
4800	1500	2.272e-05
5000	1500	1.413e-05
3400	1600	5.832e-05
3600	1600	8.663e-05
3800	1600	8.771e-05
4000	1600	7.484e-05
4200	1600	5.835e-05
4400	1600	4.258e-05
4600	1600	2.968e-05
4800	1600	1.935e-05
5000	1600	1.229e-05
3600	1700	3.313e-05
3800	1700	4.966e-05
4000	1700	5.027e-05
4200	1700	4.293e-05
4400	1700	3.327e-05
4600	1700	2.398e-05
4800	1700	1.622e-05
5000	1700	1.036e-05
3800	1800	1.891e-05
4000	1800	2.839e-05
4200	1800	2.887e-05
4400	1800	2.44e-05
4600	1800	1.899e-05
4800	1800	1.331e-05
5000	1800	8.742e-06
4000	1900	1.078e-05
4200	1900	1.612e-05
4400	1900	1.62e-05
4600	1900	1.378e-05
4800	1900	1.037e-05
5000	1900	7.077e-06
4200	2000	6.054e-06
4400	2000	9.064e-06
4600	2000	9.018e-06
4800	2000	7.635e-06
5000	2000	5.405e-06
4400	2100	3.384e-06
4600	2100	5.04e-06
4800	2100	4.999e-06
5000	2100	3.881e-06
4600	2200	1.883e-06
4800	2200	2.75e-06
5000	2200	2.532e-06
4800	2300	1.003e-06
5000	2300	1.392e-06
5000	2400	4.937e-07
1600	750	7.198e-03
2600	1250	2.473e-04
2800	1350	1.364e-04
400	150	1.276e+01