#Lepton_0_Pt_Problematic_2AK8_SR_DiMu	{0., 65., 75., 100., 125., 150., 175., 200., 225., 250., 275., 300., 325., 350., 375., 400., 425., 450., 475., 500., 550., 600., 650., 700., 1000. }
#Lepton_0_Eta_Problematic_2AK8_SR_DiMu	{-3.0, -2.5, -2.4, -1.6, -0.8, 0., 0.8, 1.6, 2.4, 2.5, 3.0 }
#Lepton_0_Phi_Problematic_2AK8_SR_DiMu	{-3.5, -3.2, -2.5, -2.0, -1.5, -1.0, -0.5, 0., 0.5, 1.0, 1.5, 2.0, 2.5, 3.2, 3.5 }
#Lepton_1_Pt_Problematic_2AK8_SR_DiMu	{0., 65., 75., 100., 125., 150., 175., 200., 225., 250., 275., 300., 325., 350., 375., 400., 425., 450., 475., 500., 550., 600., 650., 700., 1000. }
#Lepton_1_Eta_Problematic_2AK8_SR_DiMu	{-3.0, -2.5, -2.4, -1.6, -0.8, 0., 0.8, 1.6, 2.4, 2.5, 3.0 }
#Lepton_1_Phi_Problematic_2AK8_SR_DiMu	{-3.5, -3.2, -2.5, -2.0, -1.5, -1.0, -0.5, 0., 0.5, 1.0, 1.5, 2.0, 2.5, 3.2, 3.5 }
#FatJet_0_Pt_Problematic_2AK8_SR_DiMu	{0., 300., 350., 400., 450., 500., 550., 600., 650., 700., 750., 800., 850., 900., 950., 1000. }
#FatJet_0_Eta_Problematic_2AK8_SR_DiMu	{-3.0, -2.5, -2.4, -1.6, -0.8, 0., 0.8, 1.6, 2.4, 2.5, 3.0 }
#FatJet_0_Phi_Problematic_2AK8_SR_DiMu	{-3.5, -3.2, -2.5, -2.0, -1.5, -1.0, -0.5, 0., 0.5, 1.0, 1.5, 2.0, 2.5, 3.2, 3.5 }
#FatJet_1_Pt_Problematic_2AK8_SR_DiMu	{0., 300., 350., 400., 450., 500., 550., 600., 650., 700., 750., 800., 850., 900., 950., 1000. }
#FatJet_1_Eta_Problematic_2AK8_SR_DiMu	{-3.0, -2.5, -2.4, -1.6, -0.8, 0., 0.8, 1.6, 2.4, 2.5, 3.0 }
#FatJet_1_Phi_Problematic_2AK8_SR_DiMu	{-3.5, -3.2, -2.5, -2.0, -1.5, -1.0, -0.5, 0., 0.5, 1.0, 1.5, 2.0, 2.5, 3.2, 3.5 }
#FatJet_0_CHEnFrac_Problematic_2AK8_SR_DiMu	{0., 0.1, 0.2, 0.3, 0.4, 0.5, 0.6, 0.7, 0.8, 0.9, 1.0 }
#FatJet_1_CHEnFrac_Problematic_2AK8_SR_DiMu	{0., 0.1, 0.2, 0.3, 0.4, 0.5, 0.6, 0.7, 0.8, 0.9, 1.0 }
#FatJet_0_NHEnFrac_Problematic_2AK8_SR_DiMu	{0., 0.1, 0.2, 0.3, 0.4, 0.5, 0.6, 0.7, 0.8, 0.9, 1.0 }
#FatJet_1_NHEnFrac_Problematic_2AK8_SR_DiMu	{0., 0.1, 0.2, 0.3, 0.4, 0.5, 0.6, 0.7, 0.8, 0.9, 1.0 }
#FatJet_0_CEmEnFrac_Problematic_2AK8_SR_DiMu	{0., 0.1, 0.2, 0.3, 0.4, 0.5, 0.6, 0.7, 0.8, 0.9, 1.0 }
#FatJet_1_CEmEnFrac_Problematic_2AK8_SR_DiMu	{0., 0.1, 0.2, 0.3, 0.4, 0.5, 0.6, 0.7, 0.8, 0.9, 1.0 }
#FatJet_0_NEmEnFrac_Problematic_2AK8_SR_DiMu	{0., 0.1, 0.2, 0.3, 0.4, 0.5, 0.6, 0.7, 0.8, 0.9, 1.0 }
#FatJet_1_NEmEnFrac_Problematic_2AK8_SR_DiMu	{0., 0.1, 0.2, 0.3, 0.4, 0.5, 0.6, 0.7, 0.8, 0.9, 1.0 }
#FatJet_0_MuonEnFrac_Problematic_2AK8_SR_DiMu	{0., 0.1, 0.2, 0.3, 0.4, 0.5, 0.6, 0.7, 0.8, 0.9, 1.0 }
#FatJet_1_MuonEnFrac_Problematic_2AK8_SR_DiMu	{0., 0.1, 0.2, 0.3, 0.4, 0.5, 0.6, 0.7, 0.8, 0.9, 1.0 }
#FatJet_0_DeltaR_leptons_Problematic_2AK8_SR_DiMu	{0., 0.2, 0.4, 0.6, 0.8, 1.0, 1.2, 1.4, 1.6, 1.8, 2.0, 2.2, 2.4, 2.6, 2.8, 3.0, 3.2, 3.4, 3.6, 3.8, 4.0, 4.2, 4.4, 4.6, 4.8, 5.0 }
#FatJet_1_DeltaR_leptons_Problematic_2AK8_SR_DiMu	{0., 0.2, 0.4, 0.6, 0.8, 1.0, 1.2, 1.4, 1.6, 1.8, 2.0, 2.2, 2.4, 2.6, 2.8, 3.0, 3.2, 3.4, 3.6, 3.8, 4.0, 4.2, 4.4, 4.6, 4.8, 5.0 }
#FatJet_0_DeltaR_closest_lepton_Problematic_2AK8_SR_DiMu	{0., 0.2, 0.4, 0.6, 0.8, 1.0, 1.2, 1.4, 1.6, 1.8, 2.0, 2.2, 2.4, 2.6, 2.8, 3.0, 3.2, 3.4, 3.6, 3.8, 4.0, 4.2, 4.4, 4.6, 4.8, 5.0 }
#FatJet_1_DeltaR_closest_lepton_Problematic_2AK8_SR_DiMu	{0., 0.2, 0.4, 0.6, 0.8, 1.0, 1.2, 1.4, 1.6, 1.8, 2.0, 2.2, 2.4, 2.6, 2.8, 3.0, 3.2, 3.4, 3.6, 3.8, 4.0, 4.2, 4.4, 4.6, 4.8, 5.0 }
mZp_2AK8_0TL_SR_DiMu	{0., 300, 900, 1200, 1500, 1800,  2400, 3000, 6000 };
#mZp_2AK8_1TL_SR_DiMu	{0., 300, 900, 1200, 1500, 1800,  2400, 3000, 6000 };
mZp_2AK8_2TL_SR_DiMu	{0., 300, 900, 1200, 1500, 1800,  2400, 3000, 6000 };
mZp_2AK8_0TL_SR_DiEle	{0., 300, 900, 1200, 1500, 1800,  2400, 3000, 6000 };
#mZp_2AK8_1TL_SR_DiEle	{0., 300, 900, 1200, 1500, 1800,  2400, 3000, 6000 };
mZp_2AK8_2TL_SR_DiEle	{0., 300, 900, 1200, 1500, 1800,  2400, 3000, 6000 };
