mZp_CR_Zmass_DiEle_central	{0., 300, 900, 1200, 1500, 1800, 2100, 2400, 2700, 3300, 5700, 6000 };
mZp_CR_Zmass_DiMu_central	{0., 300, 900, 1200, 1500, 1800, 2100, 2400, 2700, 3300, 5700, 6000 };
mZp_CR_Zmass_EMu_central	{0., 300, 5700, 6000 };
mZp_CR_ttbar_DiEle_central	{0., 300, 900, 1200, 5700, 6000 };
mZp_CR_ttbar_DiMu_central	{0., 300, 900, 1200, 5700, 6000 };
mZp_CR_ttbar_EMu_central	{0., 300, 900, 1200, 1500, 5700, 6000 };
mZp_SR_DiEle_central	{0., 200, 400, 600, 800, 1000, 1200, 1400, 1600, 1800, 2200, 2400, 2600, 3200, 3400, 3600, 3800, 4200, 5400, 5600, 5800, 6000 }
mZp_SR_DiMu_central	{0., 200, 600, 800, 1000, 1200, 1400, 1600, 1800, 2000, 2200, 2400, 3000, 3200, 3600, 5800, 6000 }
mZp_0AK8_CR_Zmass_DiEle_central	{0., 300, 900, 1200, 1500, 2100, 5700, 6000 };
mZp_0AK8_CR_Zmass_DiMu_central	{0., 300, 900, 1200, 1500, 2100, 5700, 6000 };
mZp_0AK8_CR_Zmass_EMu_central	{0., 300, 5100, 5400, 5700, 6000 };
mZp_0AK8_CR_ttbar_DiEle_central	{0., 300, 5700, 6000 };
mZp_0AK8_CR_ttbar_DiMu_central	{0., 300, 5700, 6000 };
mZp_0AK8_CR_ttbar_EMu_central	{0., 300, 1200, 5700, 6000 };
mZp_0AK8_SR_DiEle_central	{0., 300, 900, 1200, 5700, 6000 };
mZp_0AK8_SR_DiMu_central	{0., 300, 900, 1200, 1800, 5700, 6000 };
mZp_1AK8_CR_Zmass_DiEle_central	{0., 300, 900, 1200, 1500, 1800, 2100, 2400, 2700, 3900, 5700, 6000 };
mZp_1AK8_CR_Zmass_DiMu_central	{0., 300, 900, 1200, 1500, 1800, 2100, 2400, 2700, 3900, 5700, 6000 };
mZp_1AK8_CR_Zmass_EMu_central	{0., 300, 600, 5700, 6000 };
mZp_1AK8_CR_ttbar_DiEle_central	{0., 300, 5700, 6000 };
mZp_1AK8_CR_ttbar_DiMu_central	{0., 300, 5700, 6000 };
mZp_1AK8_CR_ttbar_EMu_central	{0., 300, 900, 1200, 5700, 6000 };
mZp_1AK8_SR_DiEle_central	{0., 300, 900, 1200, 5700, 6000 };
mZp_1AK8_SR_DiMu_central	{0., 300, 900, 1200, 2100, 5700, 6000 };
mZp_2AK8_CR_Zmass_DiEle_central	{0., 300, 900, 1200, 1500, 1800, 2400, 5700, 6000 };
mZp_2AK8_CR_Zmass_DiMu_central	{0., 300, 900, 1200, 1500, 1800, 2400, 5700, 6000 };
mZp_2AK8_CR_Zmass_EMu_central	{0., 300, 5400, 5700, 6000 };
mZp_2AK8_CR_ttbar_DiEle_central	{0., 300, 5700, 6000 };
mZp_2AK8_CR_ttbar_DiMu_central	{0., 300, 5700, 6000 };
mZp_2AK8_CR_ttbar_EMu_central	{0., 300, 5700, 6000 };
mZp_2AK8_SR_DiEle_central	{0., 300, 1200, 5700, 6000 };
mZp_2AK8_SR_DiMu_central	{0., 300, 1200, 5700, 6000 };
mN_SR_DiEle_central	{0., 500, 750, 1250, 4750, 5000 };
mN_SR_DiMu_central	{0., 500, 750, 1000, 4750, 5000 };
mll_CR_Zmass_DiEle_central	{75, 76, 77, 78, 79, 80, 81, 82, 83, 84, 85, 86, 87, 88, 89, 90, 91, 92, 93, 94, 95, 96, 97, 98, 99, 100, 101, 102, 103, 104, 105 };
mll_CR_Zmass_DiMu_central	{75, 76, 77, 78, 79, 80, 81, 82, 83, 84, 85, 86, 87, 88, 89, 90, 91, 92, 93, 94, 95, 96, 97, 98, 99, 100, 101, 102, 103, 104, 105 };
mll_CR_Zmass_EMu_central	{75, 76, 77, 78, 79, 80, 81, 82, 83, 84, 85, 86, 87, 88, 89, 90, 91, 92, 93, 94, 95, 96, 97, 98, 99, 100, 101, 102, 103, 104, 105 };
mll_CR_ttbar_DiEle_central	{0., 55, 60, 70, 80, 90, 100, 110, 120, 130, 140, 150, 200, 250, 300, 350, 400, 450, 500, 550, 600, 650, 700, 750, 800, 850, 900, 950, 1000 };
mll_CR_ttbar_DiMu_central	{0., 55, 60, 70, 80, 90, 100, 110, 120, 130, 140, 150, 200, 250, 300, 350, 400, 450, 500, 550, 600, 650, 700, 750, 800, 850, 900, 950, 1000 };
mll_CR_ttbar_EMu_central	{0., 55, 60, 70, 80, 90, 100, 110, 120, 130, 140, 150, 200, 250, 300, 350, 400, 450, 500, 550, 600, 650, 700, 750, 800, 850, 900, 950, 1000 };
Nvtx_69p2_CR_Zmass_DiEle_central	{0, 1, 2, 3, 4, 5, 6, 7, 8, 9, 10, 11, 12, 13, 14, 15, 16, 17, 18, 19, 20, 21, 22, 23, 24, 25, 26, 27, 28, 29, 30, 31, 32, 33, 34, 35, 36, 37, 38, 39, 40, 41, 42, 43, 44, 45, 46, 47, 48, 49, 50, 51, 52, 53, 54, 55, 56, 57, 58, 59, 60, 61, 62, 63, 64, 65, 66, 67, 68, 69, 70, 71, 72, 73, 74, 75, 76, 77, 78, 79, 80, 81, 82 };
Nvtx_69p2_CR_Zmass_DiMu_central		{0, 1, 2, 3, 4, 5, 6, 7, 8, 9, 10, 11, 12, 13, 14, 15, 16, 17, 18, 19, 20, 21, 22, 23, 24, 25, 26, 27, 28, 29, 30, 31, 32, 33, 34, 35, 36, 37, 38, 39, 40, 41, 42, 43, 44, 45, 46, 47, 48, 49, 50, 51, 52, 53, 54, 55, 56, 57, 58, 59, 60, 61, 62, 63, 64, 65, 66, 67, 68, 69, 70, 71, 72, 73, 74, 75, 76, 77, 78, 79, 80, 81, 82 };
Nvtx_69p2_CR_Zmass_EMu_central		{0, 1, 2, 3, 4, 5, 6, 7, 8, 9, 10, 11, 12, 13, 14, 15, 16, 17, 18, 19, 20, 21, 22, 23, 24, 25, 26, 27, 28, 29, 30, 31, 32, 33, 34, 35, 36, 37, 38, 39, 40, 41, 42, 43, 44, 45, 46, 47, 48, 49, 50, 51, 52, 53, 54, 55, 56, 57, 58, 59, 60, 61, 62, 63, 64, 65, 66, 67, 68, 69, 70, 71, 72, 73, 74, 75, 76, 77, 78, 79, 80, 81, 82 };
Nvtx_69p2_CR_ttbar_DiEle_central	{0, 1, 2, 3, 4, 5, 6, 7, 8, 9, 10, 11, 12, 13, 14, 15, 16, 17, 18, 19, 20, 21, 22, 23, 24, 25, 26, 27, 28, 29, 30, 31, 32, 33, 34, 35, 36, 37, 38, 39, 40, 41, 42, 43, 44, 45, 46, 47, 48, 49, 50, 51, 52, 53, 54, 55, 56, 57, 58, 59, 60, 61, 62, 63, 64, 65, 66, 67, 68, 69, 70, 71, 72, 73, 74, 75, 76, 77, 78, 79, 80, 81, 82 };
Nvtx_69p2_CR_ttbar_DiMu_central	{0, 1, 2, 3, 4, 5, 6, 7, 8, 9, 10, 11, 12, 13, 14, 15, 16, 17, 18, 19, 20, 21, 22, 23, 24, 25, 26, 27, 28, 29, 30, 31, 32, 33, 34, 35, 36, 37, 38, 39, 40, 41, 42, 43, 44, 45, 46, 47, 48, 49, 50, 51, 52, 53, 54, 55, 56, 57, 58, 59, 60, 61, 62, 63, 64, 65, 66, 67, 68, 69, 70, 71, 72, 73, 74, 75, 76, 77, 78, 79, 80, 81, 82 };
Nvtx_69p2_CR_ttbar_EMu_central	{0, 1, 2, 3, 4, 5, 6, 7, 8, 9, 10, 11, 12, 13, 14, 15, 16, 17, 18, 19, 20, 21, 22, 23, 24, 25, 26, 27, 28, 29, 30, 31, 32, 33, 34, 35, 36, 37, 38, 39, 40, 41, 42, 43, 44, 45, 46, 47, 48, 49, 50, 51, 52, 53, 54, 55, 56, 57, 58, 59, 60, 61, 62, 63, 64, 65, 66, 67, 68, 69, 70, 71, 72, 73, 74, 75, 76, 77, 78, 79, 80, 81, 82 };
Lepton_0_Eta_CR_Zmass_DiEle_central	{-3.0, -2.6, -2.5, -2.4, -2.3, -2.2, -2.1, -2.0, -1.9, -1.8, -1.7, -1.6, -1.5, -1.4, -1.3, -1.2, -1.1, -1.0, -0.9, -0.8, -0.7, -0.6, -0.5, -0.4, -0.3, -0.2, -0.1, 0.0, 0.1, 0.2, 0.3, 0.4, 0.5, 0.6, 0.7, 0.8, 0.9, 1.0, 1.1, 1.2, 1.3, 1.4, 1.5, 1.6, 1.7, 1.8, 1.9, 2.0, 2.1, 2.2, 2.3, 2.4, 2.5, 2.6, 3.0 };
Lepton_0_Eta_CR_Zmass_DiMu_central	{-3.0, -2.4, -2.3, -2.2, -2.1, -2.0, -1.9, -1.8, -1.7, -1.6, -1.5, -1.4, -1.3, -1.2, -1.1, -1.0, -0.9, -0.8, -0.7, -0.6, -0.5, -0.4, -0.3, -0.2, -0.1, 0.0, 0.1, 0.2, 0.3, 0.4, 0.5, 0.6, 0.7, 0.8, 0.9, 1.0, 1.1, 1.2, 1.3, 1.4, 1.5, 1.6, 1.7, 1.8, 1.9, 2.0, 2.1, 2.2, 2.3, 2.4, 3.0 };
Lepton_0_Eta_CR_Zmass_EMu_central	{-3.0, -2.7, -2.1, 0.3, 3, 3.3 };
Lepton_0_Eta_CR_ttbar_DiEle_central	{-3.0, -2.6, -2.5, -2.4, -2.3, -2.2, -2.1, -2.0, -1.9, -1.8, -1.7, -1.6, -1.5, -1.4, -1.3, -1.2, -1.1, -1.0, -0.9, -0.8, -0.7, -0.6, -0.5, -0.4, -0.3, -0.2, -0.1, 0.0, 0.1, 0.2, 0.3, 0.4, 0.5, 0.6, 0.7, 0.8, 0.9, 1.0, 1.1, 1.2, 1.3, 1.4, 1.5, 1.6, 1.7, 1.8, 1.9, 2.0, 2.1, 2.2, 2.3, 2.4, 2.5, 2.6, 3.0 };
Lepton_0_Eta_CR_ttbar_DiMu_central	{-3.0, -2.4, -2.3, -2.2, -2.1, -2.0, -1.9, -1.8, -1.7, -1.6, -1.5, -1.4, -1.3, -1.2, -1.1, -1.0, -0.9, -0.8, -0.7, -0.6, -0.5, -0.4, -0.3, -0.2, -0.1, 0.0, 0.1, 0.2, 0.3, 0.4, 0.5, 0.6, 0.7, 0.8, 0.9, 1.0, 1.1, 1.2, 1.3, 1.4, 1.5, 1.6, 1.7, 1.8, 1.9, 2.0, 2.1, 2.2, 2.3, 2.4, 3.0 };
Lepton_0_Eta_CR_ttbar_EMu_central	{-3.0, -2.7, -2.1, -1.8, -1.5, -1.2, -0.9, -0.6, -0.3, 0, 0.3, 0.6, 0.9, 1.2, 1.5, 1.8, 2.1, 2.4, 3, 3.3 };
Lepton_0_Eta_tight_CR_Zmass_DiEle_central	{-3.0, -2.6, -2.5, -2.4, -2.3, -2.2, -2.1, -2.0, -1.9, -1.8, -1.7, -1.6, -1.5, -1.4, -1.3, -1.2, -1.1, -1.0, -0.9, -0.8, -0.7, -0.6, -0.5, -0.4, -0.3, -0.2, -0.1, 0.0, 0.1, 0.2, 0.3, 0.4, 0.5, 0.6, 0.7, 0.8, 0.9, 1.0, 1.1, 1.2, 1.3, 1.4, 1.5, 1.6, 1.7, 1.8, 1.9, 2.0, 2.1, 2.2, 2.3, 2.4, 2.5, 2.6, 3.0 };
Lepton_0_Eta_tight_CR_Zmass_DiMu_central	{-3.0, -2.4, -2.3, -2.2, -2.1, -2.0, -1.9, -1.8, -1.7, -1.6, -1.5, -1.4, -1.3, -1.2, -1.1, -1.0, -0.9, -0.8, -0.7, -0.6, -0.5, -0.4, -0.3, -0.2, -0.1, 0.0, 0.1, 0.2, 0.3, 0.4, 0.5, 0.6, 0.7, 0.8, 0.9, 1.0, 1.1, 1.2, 1.3, 1.4, 1.5, 1.6, 1.7, 1.8, 1.9, 2.0, 2.1, 2.2, 2.3, 2.4, 3.0 };
Lepton_0_Eta_tight_CR_Zmass_EMu_central	{-3.0, -2.7, -2.1, 0.3, 3, 3.3 };
Lepton_0_Eta_tight_CR_ttbar_DiEle_central	{-3.0, -2.6, -2.5, -2.4, -2.3, -2.2, -2.1, -2.0, -1.9, -1.8, -1.7, -1.6, -1.5, -1.4, -1.3, -1.2, -1.1, -1.0, -0.9, -0.8, -0.7, -0.6, -0.5, -0.4, -0.3, -0.2, -0.1, 0.0, 0.1, 0.2, 0.3, 0.4, 0.5, 0.6, 0.7, 0.8, 0.9, 1.0, 1.1, 1.2, 1.3, 1.4, 1.5, 1.6, 1.7, 1.8, 1.9, 2.0, 2.1, 2.2, 2.3, 2.4, 2.5, 2.6, 3.0 };
Lepton_0_Eta_tight_CR_ttbar_DiMu_central	{-3.0, -2.4, -2.3, -2.2, -2.1, -2.0, -1.9, -1.8, -1.7, -1.6, -1.5, -1.4, -1.3, -1.2, -1.1, -1.0, -0.9, -0.8, -0.7, -0.6, -0.5, -0.4, -0.3, -0.2, -0.1, 0.0, 0.1, 0.2, 0.3, 0.4, 0.5, 0.6, 0.7, 0.8, 0.9, 1.0, 1.1, 1.2, 1.3, 1.4, 1.5, 1.6, 1.7, 1.8, 1.9, 2.0, 2.1, 2.2, 2.3, 2.4, 3.0 };
Lepton_0_Eta_tight_CR_ttbar_EMu_central	{-3.0, -2.7, -2.1, -1.8, -1.5, -1.2, -0.9, -0.6, -0.3, 0, 0.3, 0.6, 0.9, 1.2, 1.5, 1.8, 2.1, 2.4, 3, 3.3 };
Lepton_0_Pt_CR_Zmass_DiEle_central	{0., 50, 75, 150, 200, 250, 300, 350, 400, 450, 500, 600, 950, 1000 };
Lepton_0_Pt_CR_Zmass_DiMu_central	{0., 50, 75, 150, 200, 250, 300, 350, 400, 450, 500, 650, 950, 1000 };
Lepton_0_Pt_CR_Zmass_EMu_central	{0., 50, 75, 950, 1000 };
Lepton_0_Pt_CR_ttbar_DiEle_central	{0., 50, 75, 150, 200, 250, 950, 1000 };
Lepton_0_Pt_CR_ttbar_DiMu_central	{0., 50, 75, 150, 200, 250, 950, 1000 };
Lepton_0_Pt_CR_ttbar_EMu_central	{0., 50, 75, 150, 200, 250, 300, 950, 1000 };
Lepton_0_Pt_tight_CR_Zmass_DiEle_central	{0., 50, 75, 150, 200, 250, 300, 350, 400, 450, 500, 600, 950, 1000 };
Lepton_0_Pt_tight_CR_Zmass_DiMu_central	{0., 50, 75, 150, 200, 250, 300, 350, 400, 450, 500, 650, 950, 1000 };
Lepton_0_Pt_tight_CR_Zmass_EMu_central	{0., 50, 75, 950, 1000 };
Lepton_0_Pt_tight_CR_ttbar_DiEle_central	{0., 50, 75, 150, 200, 250, 950, 1000 };
Lepton_0_Pt_tight_CR_ttbar_DiMu_central	{0., 50, 75, 150, 200, 250, 950, 1000 };
Lepton_0_Pt_tight_CR_ttbar_EMu_central	{0., 50, 75, 150, 200, 250, 300, 950, 1000 };
Lepton_0_Pt_SR_DiEle_central	{0., 50, 75, 150, 200, 250, 300, 350, 950, 1000 };
Lepton_0_Pt_SR_DiMu_central	{0., 50, 75, 150, 200, 250, 300, 350, 950, 1000 };
Lepton_0_dXY_CR_Zmass_DiEle_central	############################## EMPTY MC, resign! ##############################
Lepton_0_dXY_CR_Zmass_DiMu_central	############################## EMPTY MC, resign! ##############################
Lepton_0_dXY_CR_Zmass_EMu_central	############################## EMPTY MC, resign! ##############################
Lepton_0_dXY_CR_ttbar_DiEle_central	############################## EMPTY MC, resign! ##############################
Lepton_0_dXY_CR_ttbar_DiMu_central	############################## EMPTY MC, resign! ##############################
Lepton_0_dXY_CR_ttbar_EMu_central	############################## EMPTY MC, resign! ##############################
Lepton_0_dXY_tight_CR_Zmass_DiEle_central	############################## EMPTY MC, resign! ##############################
Lepton_0_dXY_tight_CR_Zmass_DiMu_central	############################## EMPTY MC, resign! ##############################
Lepton_0_dXY_tight_CR_Zmass_EMu_central	############################## EMPTY MC, resign! ##############################
Lepton_0_dXY_tight_CR_ttbar_DiEle_central	############################## EMPTY MC, resign! ##############################
Lepton_0_dXY_tight_CR_ttbar_DiMu_central	############################## EMPTY MC, resign! ##############################
Lepton_0_dXY_tight_CR_ttbar_EMu_central	############################## EMPTY MC, resign! ##############################
Lepton_0_TrkRelIso_CR_Zmass_DiEle_central	############################## EMPTY DATA, resign! ##############################
Lepton_0_TrkRelIso_CR_Zmass_DiMu_central	############################## EMPTY MC, resign! ##############################
Lepton_0_TrkRelIso_CR_Zmass_EMu_central	############################## EMPTY DATA, resign! ##############################
Lepton_0_TrkRelIso_CR_ttbar_DiEle_central	############################## EMPTY DATA, resign! ##############################
Lepton_0_TrkRelIso_CR_ttbar_DiMu_central	############################## EMPTY MC, resign! ##############################
Lepton_0_TrkRelIso_CR_ttbar_EMu_central	############################## EMPTY DATA, resign! ##############################
Lepton_0_TrkRelIso_tight_CR_Zmass_DiEle_central	############################## EMPTY DATA, resign! ##############################
Lepton_0_TrkRelIso_tight_CR_Zmass_DiMu_central	############################## EMPTY MC, resign! ##############################
Lepton_0_TrkRelIso_tight_CR_Zmass_EMu_central	############################## EMPTY DATA, resign! ##############################
Lepton_0_TrkRelIso_tight_CR_ttbar_DiEle_central	############################## EMPTY DATA, resign! ##############################
Lepton_0_TrkRelIso_tight_CR_ttbar_DiMu_central	############################## EMPTY MC, resign! ##############################
Lepton_0_TrkRelIso_tight_CR_ttbar_EMu_central	############################## EMPTY DATA, resign! ##############################
Lepton_1_Eta_CR_Zmass_DiEle_central	{-3.0, -2.6, -2.5, -2.4, -2.3, -2.2, -2.1, -2.0, -1.9, -1.8, -1.7, -1.6, -1.5, -1.4, -1.3, -1.2, -1.1, -1.0, -0.9, -0.8, -0.7, -0.6, -0.5, -0.4, -0.3, -0.2, -0.1, 0.0, 0.1, 0.2, 0.3, 0.4, 0.5, 0.6, 0.7, 0.8, 0.9, 1.0, 1.1, 1.2, 1.3, 1.4, 1.5, 1.6, 1.7, 1.8, 1.9, 2.0, 2.1, 2.2, 2.3, 2.4, 2.5, 2.6, 3.0 };
Lepton_1_Eta_CR_Zmass_DiMu_central	{-3.0, -2.4, -2.3, -2.2, -2.1, -2.0, -1.9, -1.8, -1.7, -1.6, -1.5, -1.4, -1.3, -1.2, -1.1, -1.0, -0.9, -0.8, -0.7, -0.6, -0.5, -0.4, -0.3, -0.2, -0.1, 0.0, 0.1, 0.2, 0.3, 0.4, 0.5, 0.6, 0.7, 0.8, 0.9, 1.0, 1.1, 1.2, 1.3, 1.4, 1.5, 1.6, 1.7, 1.8, 1.9, 2.0, 2.1, 2.2, 2.3, 2.4, 3.0 };
Lepton_1_Eta_CR_Zmass_EMu_central	{-3.0, -2.7, -2.4, -2.1, 0.6, 3, 3.3 };
Lepton_1_Eta_CR_ttbar_DiEle_central	{-3.0, -2.6, -2.5, -2.4, -2.3, -2.2, -2.1, -2.0, -1.9, -1.8, -1.7, -1.6, -1.5, -1.4, -1.3, -1.2, -1.1, -1.0, -0.9, -0.8, -0.7, -0.6, -0.5, -0.4, -0.3, -0.2, -0.1, 0.0, 0.1, 0.2, 0.3, 0.4, 0.5, 0.6, 0.7, 0.8, 0.9, 1.0, 1.1, 1.2, 1.3, 1.4, 1.5, 1.6, 1.7, 1.8, 1.9, 2.0, 2.1, 2.2, 2.3, 2.4, 2.5, 2.6, 3.0 };
Lepton_1_Eta_CR_ttbar_DiMu_central	{-3.0, -2.4, -2.3, -2.2, -2.1, -2.0, -1.9, -1.8, -1.7, -1.6, -1.5, -1.4, -1.3, -1.2, -1.1, -1.0, -0.9, -0.8, -0.7, -0.6, -0.5, -0.4, -0.3, -0.2, -0.1, 0.0, 0.1, 0.2, 0.3, 0.4, 0.5, 0.6, 0.7, 0.8, 0.9, 1.0, 1.1, 1.2, 1.3, 1.4, 1.5, 1.6, 1.7, 1.8, 1.9, 2.0, 2.1, 2.2, 2.3, 2.4, 3.0 };
Lepton_1_Eta_CR_ttbar_EMu_central	{-3.0, -2.7, -2.4, -1.8, -1.5, -1.2, -0.9, -0.6, -0.3, 0, 0.3, 0.6, 0.9, 1.2, 1.5, 1.8, 2.1, 3, 3.3 };
Lepton_1_Eta_tight_CR_Zmass_DiEle_central	{-3.0, -2.6, -2.5, -2.4, -2.3, -2.2, -2.1, -2.0, -1.9, -1.8, -1.7, -1.6, -1.5, -1.4, -1.3, -1.2, -1.1, -1.0, -0.9, -0.8, -0.7, -0.6, -0.5, -0.4, -0.3, -0.2, -0.1, 0.0, 0.1, 0.2, 0.3, 0.4, 0.5, 0.6, 0.7, 0.8, 0.9, 1.0, 1.1, 1.2, 1.3, 1.4, 1.5, 1.6, 1.7, 1.8, 1.9, 2.0, 2.1, 2.2, 2.3, 2.4, 2.5, 2.6, 3.0 };
Lepton_1_Eta_tight_CR_Zmass_DiMu_central	{-3.0, -2.4, -2.3, -2.2, -2.1, -2.0, -1.9, -1.8, -1.7, -1.6, -1.5, -1.4, -1.3, -1.2, -1.1, -1.0, -0.9, -0.8, -0.7, -0.6, -0.5, -0.4, -0.3, -0.2, -0.1, 0.0, 0.1, 0.2, 0.3, 0.4, 0.5, 0.6, 0.7, 0.8, 0.9, 1.0, 1.1, 1.2, 1.3, 1.4, 1.5, 1.6, 1.7, 1.8, 1.9, 2.0, 2.1, 2.2, 2.3, 2.4, 3.0 };
Lepton_1_Eta_tight_CR_Zmass_EMu_central	{-3.0, -2.7, -2.4, -2.1, 0.6, 3, 3.3 };
Lepton_1_Eta_tight_CR_ttbar_DiEle_central	{-3.0, -2.6, -2.5, -2.4, -2.3, -2.2, -2.1, -2.0, -1.9, -1.8, -1.7, -1.6, -1.5, -1.4, -1.3, -1.2, -1.1, -1.0, -0.9, -0.8, -0.7, -0.6, -0.5, -0.4, -0.3, -0.2, -0.1, 0.0, 0.1, 0.2, 0.3, 0.4, 0.5, 0.6, 0.7, 0.8, 0.9, 1.0, 1.1, 1.2, 1.3, 1.4, 1.5, 1.6, 1.7, 1.8, 1.9, 2.0, 2.1, 2.2, 2.3, 2.4, 2.5, 2.6, 3.0 };
Lepton_1_Eta_tight_CR_ttbar_DiMu_central	{-3.0, -2.4, -2.3, -2.2, -2.1, -2.0, -1.9, -1.8, -1.7, -1.6, -1.5, -1.4, -1.3, -1.2, -1.1, -1.0, -0.9, -0.8, -0.7, -0.6, -0.5, -0.4, -0.3, -0.2, -0.1, 0.0, 0.1, 0.2, 0.3, 0.4, 0.5, 0.6, 0.7, 0.8, 0.9, 1.0, 1.1, 1.2, 1.3, 1.4, 1.5, 1.6, 1.7, 1.8, 1.9, 2.0, 2.1, 2.2, 2.3, 2.4, 3.0 };
Lepton_1_Eta_tight_CR_ttbar_EMu_central	{-3.0, -2.7, -2.4, -1.8, -1.5, -1.2, -0.9, -0.6, -0.3, 0, 0.3, 0.6, 0.9, 1.2, 1.5, 1.8, 2.1, 3, 3.3 };
Lepton_1_Pt_CR_Zmass_DiEle_central	{0., 50, 75, 150, 200, 250, 300, 950, 1000 };
Lepton_1_Pt_CR_Zmass_DiMu_central	{0., 50, 75, 150, 200, 250, 300, 900, 950, 1000 };
Lepton_1_Pt_CR_Zmass_EMu_central	{0., 50, 75, 950, 1000 };
Lepton_1_Pt_CR_ttbar_DiEle_central	{0., 50, 75, 150, 200, 950, 1000 };
Lepton_1_Pt_CR_ttbar_DiMu_central	{0., 50, 75, 150, 200, 950, 1000 };
Lepton_1_Pt_CR_ttbar_EMu_central	{0., 50, 75, 150, 200, 250, 950, 1000 };
Lepton_1_Pt_tight_CR_Zmass_DiEle_central	{0., 50, 75, 150, 200, 250, 300, 950, 1000 };
Lepton_1_Pt_tight_CR_Zmass_DiMu_central	{0., 50, 75, 150, 200, 250, 850, 900, 950, 1000 };
Lepton_1_Pt_tight_CR_Zmass_EMu_central	{0., 50, 75, 950, 1000 };
Lepton_1_Pt_tight_CR_ttbar_DiEle_central	{0., 50, 75, 150, 200, 950, 1000 };
Lepton_1_Pt_tight_CR_ttbar_DiMu_central	{0., 50, 75, 150, 200, 950, 1000 };
Lepton_1_Pt_tight_CR_ttbar_EMu_central	{0., 50, 75, 150, 200, 250, 950, 1000 };
Lepton_1_Pt_SR_DiEle_central	{0., 50, 75, 150, 200, 300, 950, 1000 };
Lepton_1_Pt_SR_DiMu_central	{0., 50, 75, 150, 200, 950, 1000 };
Lepton_1_dXY_CR_Zmass_DiEle_central	############################## EMPTY MC, resign! ##############################
Lepton_1_dXY_CR_Zmass_DiMu_central	############################## EMPTY MC, resign! ##############################
Lepton_1_dXY_CR_Zmass_EMu_central	############################## EMPTY MC, resign! ##############################
Lepton_1_dXY_CR_ttbar_DiEle_central	############################## EMPTY MC, resign! ##############################
Lepton_1_dXY_CR_ttbar_DiMu_central	############################## EMPTY MC, resign! ##############################
Lepton_1_dXY_CR_ttbar_EMu_central	############################## EMPTY MC, resign! ##############################
Lepton_1_dXY_tight_CR_Zmass_DiEle_central	############################## EMPTY MC, resign! ##############################
Lepton_1_dXY_tight_CR_Zmass_DiMu_central	############################## EMPTY MC, resign! ##############################
Lepton_1_dXY_tight_CR_Zmass_EMu_central	############################## EMPTY MC, resign! ##############################
Lepton_1_dXY_tight_CR_ttbar_DiEle_central	############################## EMPTY MC, resign! ##############################
Lepton_1_dXY_tight_CR_ttbar_DiMu_central	############################## EMPTY MC, resign! ##############################
Lepton_1_dXY_tight_CR_ttbar_EMu_central	############################## EMPTY MC, resign! ##############################
Lepton_1_TrkRelIso_CR_Zmass_DiEle_central	############################## EMPTY DATA, resign! ##############################
Lepton_1_TrkRelIso_CR_Zmass_DiMu_central	############################## EMPTY MC, resign! ##############################
Lepton_1_TrkRelIso_CR_Zmass_EMu_central	############################## EMPTY MC, resign! ##############################
Lepton_1_TrkRelIso_CR_ttbar_DiEle_central	############################## EMPTY DATA, resign! ##############################
Lepton_1_TrkRelIso_CR_ttbar_DiMu_central	############################## EMPTY MC, resign! ##############################
Lepton_1_TrkRelIso_CR_ttbar_EMu_central	############################## EMPTY MC, resign! ##############################
Lepton_1_TrkRelIso_tight_CR_Zmass_DiEle_central	############################## EMPTY DATA, resign! ##############################
Lepton_1_TrkRelIso_tight_CR_Zmass_DiMu_central	############################## EMPTY MC, resign! ##############################
Lepton_1_TrkRelIso_tight_CR_Zmass_EMu_central	############################## EMPTY MC, resign! ##############################
Lepton_1_TrkRelIso_tight_CR_ttbar_DiEle_central	############################## EMPTY DATA, resign! ##############################
Lepton_1_TrkRelIso_tight_CR_ttbar_DiMu_central	############################## EMPTY MC, resign! ##############################
Lepton_1_TrkRelIso_tight_CR_ttbar_EMu_central	############################## EMPTY MC, resign! ##############################
MET_CR_Zmass_DiEle_central	{0., 10, 20, 30, 40, 50, 60, 70, 80, 90, 100, 150, 200, 950, 1000 };
MET_CR_Zmass_DiMu_central	{0., 10, 20, 30, 40, 50, 60, 70, 80, 90, 100, 150, 200, 950, 1000 };
MET_CR_Zmass_EMu_central	{0., 10, 20, 30, 40, 50, 60, 70, 80, 90, 100, 150, 200, 950, 1000 };
MET_CR_ttbar_DiEle_central	{0., 10, 20, 30, 40, 50, 60, 70, 80, 90, 100, 150, 200, 950, 1000 };
MET_CR_ttbar_DiMu_central	{0., 10, 20, 30, 40, 50, 60, 70, 80, 90, 100, 150, 200, 950, 1000 };
MET_CR_ttbar_EMu_central	{0., 10, 20, 30, 40, 50, 60, 70, 80, 90, 100, 150, 200, 950, 1000 };
Njet_CR_Zmass_DiMu_central	{0., 1, 2, 3, 4, 5, 6, 7, 8, 9, 10 };
Nfatjet_CR_Zmass_DiMu_central	{0., 1, 2, 3, 4, 5, 6, 7, 8, 9, 10 };
Nbjet_CR_Zmass_DiMu_central	{0., 1, 2, 3, 4, 5, 6, 7, 8, 9, 10 };
Njet_CR_Zmass_DiEle_central	{0., 1, 2, 3, 4, 5, 6, 7, 8, 9, 10 };
Nfatjet_CR_Zmass_DiEle_central	{0., 1, 2, 3, 4, 5, 6, 7, 8, 9, 10 };
Nbjet_CR_Zmass_DiEle_central	{0., 1, 2, 3, 4, 5, 6, 7, 8, 9, 10 };
Njet_CR_ttbar_DiMu_central	{0., 1, 2, 3, 4, 5, 6, 7, 8, 9, 10 };
Nfatjet_CR_ttbar_DiMu_central	{0., 1, 2, 3, 4, 5, 6, 7, 8, 9, 10 };
Nbjet_CR_ttbar_DiMu_central	{0., 1, 2, 3, 4, 5, 6, 7, 8, 9, 10 };
Njet_CR_ttbar_DiEle_central	{0., 1, 2, 3, 4, 5, 6, 7, 8, 9, 10 };
Nfatjet_CR_ttbar_DiEle_central	{0., 1, 2, 3, 4, 5, 6, 7, 8, 9, 10 };
Nbjet_CR_ttbar_DiEle_central	{0., 1, 2, 3, 4, 5, 6, 7, 8, 9, 10 };
